Wavenumber,Reflectivity,,,,Wavelength um,Ref decimal,,new column for sorting,Wavelength,ref
674.9918,4.59386,,,,14.81499479,0.0459386,,,2.500119381,0.0485018
676.9203,4.89525,,,,14.77278787,0.0489525,,,2.501325703,0.0485871
678.8489,5.21832,,,,14.7308186,0.0521832,,,2.502533189,0.0485716
680.7775,5.56486,,,,14.68908711,0.0556486,,,2.503741215,0.0484416
682.706,5.91232,,,,14.64759355,0.0591232,,,2.504951036,0.0483149
684.6345,6.25506,,,,14.60633374,0.0625506,,,2.506161398,0.0481882
686.5631,6.58495,,,,14.56530361,0.0658495,,,2.507373559,0.0480233
688.4916,6.88471,,,,14.52450546,0.0688471,,,2.508586264,0.0478642
690.4202,7.13129,,,,14.48393312,0.0713129,,,2.509800772,0.0479383
692.3488,7.28052,,,,14.44358682,0.0728052,,,2.511015826,0.0480661
694.2773,7.33073,,,,14.40346674,0.0733073,,,2.512232689,0.0480548
696.2058,7.30352,,,,14.36356893,0.0730352,,,2.513450732,0.0481164
698.1344,7.16339,,,,14.3238895,0.0716339,,,2.514669323,0.0481919
700.0629,6.90389,,,,14.28443073,0.0690389,,,2.515889731,0.0481571
701.9915,6.53293,,,,14.24518673,0.0653293,,,2.517110689,0.0482331
703.92,6.03891,,,,14.20615979,0.0603891,,,2.518333468,0.0484042
705.8486,5.48001,,,,14.1673441,0.0548001,,,2.5195568,0.0485137
707.7771,4.89564,,,,14.12874194,0.0489564,,,2.520781957,0.0485404
709.7057,4.32474,,,,14.09034759,0.0432474,,,2.522007669,0.0485941
711.6342,3.81156,,,,14.05216332,0.0381156,,,2.523235211,0.0488357
713.5627,3.43064,,,,14.01418544,0.0343064,,,2.524463312,0.0491334
715.4913,3.28395,,,,13.97641034,0.0328395,,,2.525693246,0.0492484
717.4199,3.30974,,,,13.93883833,0.0330974,,,2.526924379,0.0492413
719.3484,3.27991,,,,13.90146972,0.0327991,,,2.528156074,0.049244
721.277,3.19814,,,,13.86429901,0.0319814,,,2.52938961,0.049303
723.2055,3.16964,,,,13.82732847,0.0316964,,,2.53062371,0.049398
725.134,3.12944,,,,13.79055457,0.0312944,,,2.531859656,0.0495282
727.0626,3.08666,,,,13.75397387,0.0308666,,,2.533096168,0.0495201
728.9911,3.02481,,,,13.7175886,0.0302481,,,2.534334531,0.0492969
730.9197,2.97581,,,,13.68139346,0.0297581,,,2.535573462,0.0492239
732.8483,3.19248,,,,13.64538882,0.0319248,,,2.536814248,0.0491439
734.7768,3.51698,,,,13.60957504,0.0351698,,,2.538055606,0.0490452
736.7053,3.64946,,,,13.57394877,0.0364946,,,2.539298823,0.0490564
738.6339,3.64524,,,,13.53850669,0.0364524,,,2.540542614,0.0490062
740.5624,3.63146,,,,13.50325104,0.0363146,,,2.54178827,0.0489605
742.491,3.66895,,,,13.46817672,0.0366895,,,2.543035148,0.0488245
744.4196,3.7419,,,,13.43328413,0.037419,,,2.544282603,0.0484571
746.3481,3.87412,,,,13.39857367,0.0387412,,,2.54553193,0.048185
748.2766,4.04594,,,,13.36404212,0.0404594,,,2.546781836,0.0481687
750.2052,4.24388,,,,13.32968633,0.0424388,,,2.548033619,0.0482082
752.1337,4.46217,,,,13.2955085,0.0446217,,,2.549285983,0.0480909
754.0623,4.7,,,,13.26150372,0.047,,,2.55054023,0.048084
755.9908,4.94638,,,,13.2276742,0.0494638,,,2.55179506,0.0481513
757.9194,5.18852,,,,13.19401509,0.0518852,,,2.553051778,0.0480873
759.8479,5.41393,,,,13.16052857,0.0541393,,,2.554309734,0.0479051
761.7765,5.62408,,,,13.12720988,0.0562408,,,2.555568277,0.047932
763.705,5.79728,,,,13.09406119,0.0579728,,,2.556828714,0.0479938
765.6335,5.93192,,,,13.06107949,0.0593192,,,2.558089741,0.0480123
767.5621,6.02292,,,,13.02826182,0.0602292,,,2.559352668,0.0483024
769.4907,6.07542,,,,12.99560865,0.0607542,,,2.560616187,0.0487788
771.4192,6.09425,,,,12.96312044,0.0609425,,,2.56188161,0.0490639
773.3478,6.09342,,,,12.93079259,0.0609342,,,2.563147627,0.0491419
775.2763,6.0758,,,,12.89862724,0.060758,,,2.564415554,0.0490637
777.2048,6.02219,,,,12.86662151,0.0602219,,,2.565684736,0.0488455
779.1334,5.93546,,,,12.83477258,0.0593546,,,2.566954516,0.0487079
781.062,5.83062,,,,12.80308093,0.0583062,,,2.568225554,0.0489668
782.9905,5.69398,,,,12.77154704,0.0569398,,,2.569498511,0.0493287
784.9191,5.55235,,,,12.74016647,0.0555235,,,2.570772731,0.0493154
786.8476,5.39778,,,,12.70894135,0.0539778,,,2.572047553,0.0493776
788.7761,5.23661,,,,12.67786892,0.0523661,,,2.573324303,0.0496285
790.7047,5.06765,,,,12.64694645,0.0506765,,,2.574601658,0.0494404
792.6332,4.91313,,,,12.61617606,0.0491313,,,2.575880945,0.0494093
794.5618,4.7911,,,,12.58555345,0.047911,,,2.57716084,0.0495315
796.4904,4.66675,,,,12.55507913,0.0466675,,,2.578442672,0.0493073
798.4189,4.58517,,,,12.52475361,0.0458517,,,2.579725115,0.0491611
800.3474,4.54303,,,,12.49457423,0.0454303,,,2.5810095,0.0492374
802.276,4.51614,,,,12.46453839,0.0451614,,,2.582295165,0.0492849
804.2045,4.51444,,,,12.43464815,0.0451444,,,2.583581443,0.0495824
806.1331,4.55234,,,,12.40489939,0.0455234,,,2.584869672,0.0494683
808.0616,4.59896,,,,12.37529416,0.0459896,,,2.586158518,0.0492678
809.9902,4.67883,,,,12.34582838,0.0467883,,,2.587449318,0.0493389
811.9187,4.81337,,,,12.3165041,0.0481337,,,2.588740738,0.0491498
813.8473,4.9651,,,,12.28731729,0.049651,,,2.590034119,0.0488683
815.7758,5.12164,,,,12.25826998,0.0512164,,,2.59132812,0.0486262
817.7043,5.27563,,,,12.22935968,0.0527563,,,2.592624088,0.0488869
819.6329,5.42026,,,,12.20058394,0.0542026,,,2.593921353,0.049882
821.5615,5.56261,,,,12.17194331,0.0556261,,,2.595219243,0.0503955
823.49,5.70696,,,,12.14343829,0.0570696,,,2.596519106,0.0495463
825.4186,5.84884,,,,12.11506501,0.0584884,,,2.597819598,0.0488803
827.3471,5.95237,,,,12.08682547,0.0595237,,,2.599122069,0.0487029
829.2756,6.03235,,,,12.05871727,0.0603235,,,2.60042517,0.0488743
831.2042,6.08985,,,,12.03073805,0.0608985,,,2.601730255,0.0491243
833.1328,6.12973,,,,12.00288838,0.0612973,,,2.603035973,0.0493084
835.0613,6.14372,,,,11.97516877,0.0614372,,,2.604343681,0.0496376
836.9899,6.09391,,,,11.94757547,0.0609391,,,2.605652024,0.0498979
838.9184,5.96175,,,,11.92011047,0.0596175,,,2.606962362,0.0497562
840.8469,5.83343,,,,11.89277144,0.0583343,,,2.608274019,0.0496793
842.7755,5.83504,,,,11.86555613,0.0583504,,,2.609586315,0.0496581
844.704,5.85535,,,,11.83846649,0.0585535,,,2.610900615,0.049556
846.6326,5.802,,,,11.81149887,0.05802,,,2.612215556,0.0495757
848.5612,5.71132,,,,11.78465384,0.0571132,,,2.613532505,0.0496801
850.4896,5.61193,,,,11.75793331,0.0561193,,,2.6148501,0.0498242
852.4182,5.50043,,,,11.73133094,0.0550043,,,2.616169708,0.0504257
854.3468,5.39102,,,,11.70484866,0.0539102,,,2.617489963,0.0504709
856.2753,5.2952,,,,11.67848705,0.052952,,,2.618812238,0.0500909
858.2039,5.21399,,,,11.65224255,0.0521399,,,2.620135849,0.0503273
860.1324,5.14698,,,,11.6261171,0.0514698,,,2.621460111,0.0500139
862.0609,5.09715,,,,11.60010853,0.0509715,,,2.622785713,0.0495764
863.9895,5.05702,,,,11.57421473,0.0505702,,,2.624113345,0.0495906
865.9181,5.02857,,,,11.54843628,0.0502857,,,2.625442321,0.0498384
867.8466,5.02838,,,,11.52277373,0.0502838,,,2.626771955,0.050066
869.7751,5.04835,,,,11.49722497,0.0504835,,,2.628103626,0.0498546
871.7037,5.07371,,,,11.47178795,0.0507371,,,2.629435957,0.0499851
873.6322,5.12091,,,,11.44646454,0.0512091,,,2.630770332,0.0500641
875.5608,5.18765,,,,11.42125139,0.0518765,,,2.632105368,0.0496635
877.4894,5.25715,,,,11.39614906,0.0525715,,,2.633442454,0.0495269
879.4178,5.33538,,,,11.37115942,0.0533538,,,2.634780205,0.0493836
881.3464,5.40674,,,,11.34627656,0.0540674,,,2.636120011,0.049196
883.275,5.46469,,,,11.32150236,0.0546469,,,2.63746118,0.049136
885.2035,5.5181,,,,11.29683739,0.055181,,,2.638803018,0.0492036
887.1321,5.57622,,,,11.27227839,0.0557622,,,2.640146919,0.0493097
889.0607,5.63565,,,,11.24782594,0.0563565,,,2.641491492,0.0494176
890.9891,5.68709,,,,11.22348186,0.0568709,,,2.642838133,0.049415
892.9177,5.71808,,,,11.19924042,0.0571808,,,2.644185449,0.0494344
894.8463,5.72525,,,,11.17510348,0.0572525,,,2.64553484,0.0497215
896.7748,5.70681,,,,11.1510716,0.0570681,,,2.646884908,0.0497062
898.7034,5.68295,,,,11.12714161,0.0568295,,,2.648237055,0.0495989
900.632,5.68407,,,,11.10331412,0.0568407,,,2.649590585,0.0496648
902.5604,5.68929,,,,11.07959091,0.0568929,,,2.650944797,0.0499424
904.489,5.66929,,,,11.05596641,0.0566929,,,2.652301097,0.0504009
906.4176,5.61157,,,,11.03244244,0.0561157,,,2.653658081,0.0504884
908.3461,5.54575,,,,11.00901958,0.0554575,,,2.655017159,0.0504377
910.2747,5.50311,,,,10.98569476,0.0550311,,,2.656376925,0.050383
912.2032,5.48412,,,,10.96246977,0.0548412,,,2.657738791,0.0503604
914.1317,5.45653,,,,10.93934277,0.0545653,,,2.659101346,0.0506607
916.0603,5.41205,,,,10.91631195,0.0541205,,,2.660466007,0.0507544
917.9889,5.3734,,,,10.8933779,0.053734,,,2.661831361,0.0507307
919.9174,5.33201,,,,10.8705412,0.0533201,,,2.663198827,0.0509464
921.8459,5.30253,,,,10.84780005,0.0530253,,,2.664567698,0.0516145
923.7745,5.28589,,,,10.82515268,0.0528589,,,2.665937266,0.051925
925.703,5.28301,,,,10.80260083,0.0528301,,,2.667308955,0.0516051
927.6316,5.28428,,,,10.7801416,0.0528428,,,2.668681343,0.0513703
929.5602,5.29877,,,,10.75777556,0.0529877,,,2.670055858,0.0519404
931.4886,5.32702,,,,10.73550444,0.0532702,,,2.671431075,0.0515423
933.4172,5.35581,,,,10.71332305,0.0535581,,,2.672808424,0.0506434
935.3458,5.38873,,,,10.69123312,0.0538873,,,2.674186479,0.0503965
937.2743,5.42313,,,,10.66923525,0.0542313,,,2.675566672,0.0506351
939.2029,5.47099,,,,10.64732658,0.0547099,,,2.67694829,0.0508589
941.1315,5.52522,,,,10.6255077,0.0552522,,,2.678330618,0.0506735
943.0599,5.58283,,,,10.60378031,0.0558283,,,2.679715093,0.0503574
944.9885,5.63243,,,,10.58213936,0.0563243,,,2.681100281,0.0499344
946.9171,5.67599,,,,10.56058656,0.0567599,,,2.682487621,0.0498878
948.8456,5.72029,,,,10.53912249,0.0572029,,,2.683875678,0.0499015
950.7742,5.74661,,,,10.51774438,0.0574661,,,2.685265892,0.0497185
952.7028,5.76219,,,,10.49645283,0.0576219,,,2.686656826,0.0496799
954.6312,5.76056,,,,10.4752495,0.0576056,,,2.688049925,0.0497075
956.5598,5.74674,,,,10.45412948,0.0574674,,,2.689444468,0.0496906
958.4884,5.73534,,,,10.43309444,0.0573534,,,2.690839736,0.0498003
960.4169,5.70957,,,,10.41214498,0.0570957,,,2.692236452,0.0501521
962.3455,5.65383,,,,10.39127839,0.0565383,,,2.693635344,0.0505718
964.274,5.58995,,,,10.37049635,0.0558995,,,2.69503569,0.0505017
966.2025,5.51758,,,,10.34979727,0.0551758,,,2.696436767,0.0501972
968.1311,5.4093,,,,10.32917959,0.054093,,,2.697840028,0.050057
970.0597,5.25521,,,,10.30864389,0.0525521,,,2.699244023,0.0500831
971.9882,5.10952,,,,10.28819074,0.0510952,,,2.700650209,0.0502415
973.9167,5.07043,,,,10.26781859,0.0507043,,,2.70205713,0.0503081
975.8453,5.12343,,,,10.24752591,0.0512343,,,2.703466249,0.0502862
977.7738,5.18523,,,,10.22731433,0.0518523,,,2.704876107,0.0502534
979.7024,5.23996,,,,10.20718128,0.0523996,,,2.706288169,0.0501937
981.631,5.28111,,,,10.18712734,0.0528111,,,2.707701706,0.0503325
983.5594,5.30318,,,,10.16715411,0.0530318,,,2.709115986,0.0508101
985.488,5.3105,,,,10.14725699,0.053105,,,2.710532479,0.0511828
987.4166,5.30461,,,,10.1274376,0.0530461,,,2.711949718,0.050731
989.3451,5.29487,,,,10.1076965,0.0529487,,,2.713369177,0.0501626
991.2737,5.28742,,,,10.08803119,0.0528742,,,2.714789385,0.0500421
993.2023,5.25548,,,,10.06844225,0.0525548,,,2.716211819,0.0500155
995.1307,5.19436,,,,10.04893126,0.0519436,,,2.717635005,0.0500073
997.0593,5.15145,,,,10.02949373,0.0515145,,,2.719060423,0.0502247
998.9879,5.19227,,,,10.01013125,0.0519227,,,2.720486597,0.0506444
1000.916,5.30636,,,,9.990848383,0.0530636,,,2.721915009,0.0501775
1002.845,5.41667,,,,9.971630711,0.0541667,,,2.723344921,0.0500217
1004.774,5.48583,,,,9.952486828,0.0548583,,,2.724775594,0.0501444
1006.702,5.51955,,,,9.933426178,0.0551955,,,2.726208515,0.049594
1008.631,5.5488,,,,9.914428567,0.055488,,,2.727642199,0.0490645
1010.559,5.56616,,,,9.895513275,0.0556616,,,2.729078137,0.0488412
1012.488,5.5686,,,,9.876660267,0.055686,,,2.730514841,0.0487717
1014.416,5.56618,,,,9.857888677,0.0556618,,,2.731953806,0.0487395
1016.345,5.56725,,,,9.839178625,0.0556725,,,2.733393541,0.0488257
1018.273,5.55958,,,,9.820549106,0.0555958,,,2.734835542,0.0490924
1020.202,5.54068,,,,9.801980392,0.0554068,,,2.736279065,0.0490339
1022.13,5.51824,,,,9.783491337,0.0551824,,,2.737723364,0.0491067
1024.059,5.47748,,,,9.765062365,0.0547748,,,2.739169938,0.0496747
1025.988,5.43262,,,,9.74670269,0.0543262,,,2.740617291,0.0498725
1027.916,5.39335,,,,9.728421389,0.0539335,,,2.742066926,0.0494851
1029.845,5.34933,,,,9.710199108,0.0534933,,,2.743517343,0.0491145
1031.773,5.29984,,,,9.692054357,0.0529984,,,2.744970048,0.0489932
1033.702,5.24685,,,,9.673967933,0.0524685,,,2.746423539,0.0489753
1035.63,5.19735,,,,9.655958209,0.0519735,,,2.747879324,0.0492195
1037.559,5.15413,,,,9.638006128,0.0515413,,,2.749336654,0.0495085
1039.487,5.1212,,,,9.620129929,0.051212,,,2.750794773,0.0497963
1041.416,5.09664,,,,9.6023107,0.0509664,,,2.75225444,0.0500352
1043.344,5.08276,,,,9.584566548,0.0508276,,,2.753716416,0.0503102
1045.273,5.08755,,,,9.566878701,0.0508755,,,2.755179945,0.0508677
1047.202,5.1063,,,,9.549256017,0.051063,,,2.756644271,0.0506439
1049.13,5.11486,,,,9.531707224,0.0511486,,,2.758110915,0.0500774
1051.059,5.13862,,,,9.51421376,0.0513862,,,2.759578359,0.0498267
1052.987,5.20494,,,,9.496793408,0.0520494,,,2.761048127,0.0498855
1054.916,5.2786,,,,9.479427746,0.052786,,,2.762518699,0.0500274
1056.844,5.34665,,,,9.46213443,0.0534665,,,2.763991602,0.0496818
1058.773,5.40862,,,,9.444895176,0.0540862,,,2.765465312,0.0492861
1060.701,5.47265,,,,9.427727512,0.0547265,,,2.766941359,0.0491133
1062.63,5.53511,,,,9.41061329,0.0553511,,,2.768418984,0.0487432
1064.558,5.59296,,,,9.393569914,0.0559296,,,2.76989742,0.048321
1066.487,5.65927,,,,9.376579368,0.0565927,,,2.771378204,0.0478813
1068.416,5.71463,,,,9.359650174,0.0571463,,,2.772859803,0.0473205
1070.344,5.74855,,,,9.342790729,0.0574855,,,2.774343757,0.0470119
1072.273,5.76753,,,,9.325983215,0.0576753,,,2.775828529,0.047075
1074.201,5.76191,,,,9.309244732,0.0576191,,,2.777315663,0.0474814
1076.13,5.73758,,,,9.292557591,0.0573758,,,2.778803619,0.048031
1078.058,5.69839,,,,9.275938771,0.0569839,,,2.780293944,0.048596
1079.987,5.64942,,,,9.259370715,0.0564942,,,2.781785868,0.0490959
1081.915,5.60961,,,,9.242870281,0.0560961,,,2.783278619,0.0494339
1083.844,5.58421,,,,9.226420038,0.0558421,,,2.784773748,0.0498431
1085.773,5.5399,,,,9.210028247,0.055399,,,2.786269709,0.0503889
1087.701,5.46872,,,,9.193703049,0.0546872,,,2.787768054,0.0507275
1089.63,5.3898,,,,9.1774272,0.053898,,,2.789267234,0.0507252
1091.558,5.31564,,,,9.161217269,0.0531564,,,2.790768807,0.0507905
1093.487,5.23377,,,,9.145056137,0.0523377,,,2.792271217,0.0509133
1095.415,5.13717,,,,9.128960257,0.0513717,,,2.793776026,0.0509583
1097.344,5.03256,,,,9.112912633,0.0503256,,,2.795281676,0.0510585
1099.272,4.93047,,,,9.096929604,0.0493047,,,2.796789733,0.0511755
1101.201,4.8424,,,,9.080994296,0.048424,,,2.798299417,0.0512299
1103.129,4.77581,,,,9.065122937,0.0477581,,,2.799809949,0.051346
1105.058,4.73605,,,,9.04929877,0.0473605,,,2.801322897,0.0516468
1106.987,4.72245,,,,9.033529752,0.0472245,,,2.802836695,0.0520104
1108.915,4.72201,,,,9.017823729,0.0472201,,,2.804352917,0.0520024
1110.844,4.7317,,,,9.00216412,0.047317,,,2.805869992,0.0517643
1112.772,4.76851,,,,8.98656688,0.0476851,,,2.807389498,0.0516552
1114.701,4.82394,,,,8.971015546,0.0482394,,,2.808909862,0.0516122
1116.629,4.90378,,,,8.955525963,0.0490378,,,2.810432663,0.0514744
1118.558,5.00734,,,,8.940081784,0.0500734,,,2.811957117,0.0513271
1120.486,5.11306,,,,8.924698747,0.0511306,,,2.813482433,0.0513162
1122.415,5.22076,,,,8.90936062,0.0522076,,,2.815010197,0.0513467
1124.344,5.3306,,,,8.894075123,0.053306,,,2.816538829,0.0512714
1126.272,5.44004,,,,8.878849869,0.0544004,,,2.818069915,0.0512281
1128.201,5.54739,,,,8.863668797,0.0554739,,,2.819601872,0.0512036
1130.129,5.63854,,,,8.848547378,0.0563854,,,2.821136292,0.0510516
1132.058,5.7239,,,,8.833469663,0.057239,,,2.822671585,0.0508492
1133.986,5.79951,,,,8.818451021,0.0579951,,,2.824209348,0.0506836
1135.915,5.8516,,,,8.803475612,0.058516,,,2.825748788,0.0506369
1137.843,5.88987,,,,8.788558703,0.0588987,,,2.827289108,0.0506375
1139.772,5.90843,,,,8.773684561,0.0590843,,,2.828831107,0.0506484
1141.7,5.9003,,,,8.758868354,0.059003,,,2.830375591,0.0507376
1143.629,5.87352,,,,8.744094457,0.0587352,,,2.831921762,0.0509193
1145.557,5.82381,,,,8.729377936,0.0582381,,,2.83346882,0.0510912
1147.486,5.74588,,,,8.714703273,0.0574588,,,2.835018374,0.0511649
1149.415,5.64568,,,,8.700077866,0.0564568,,,2.836568818,0.0511333
1151.343,5.53894,,,,8.68550901,0.0553894,,,2.838121765,0.0511956
1153.272,5.43473,,,,8.670981347,0.0543473,,,2.839675607,0.05127
1155.2,5.32915,,,,8.656509695,0.0532915,,,2.841231958,0.0513969
1157.129,5.20591,,,,8.6420788,0.0520591,,,2.842789208,0.0515249
1159.057,5.06678,,,,8.627703383,0.0506678,,,2.844348975,0.0516097
1160.986,4.92476,,,,8.613368292,0.0492476,,,2.845910455,0.0517127
1162.914,4.78123,,,,8.599088153,0.0478123,,,2.847472839,0.0518423
1164.843,4.64557,,,,8.584847915,0.0464557,,,2.849037752,0.051964
1166.771,4.54211,,,,8.570662109,0.0454211,,,2.850603573,0.0520044
1168.7,4.50244,,,,8.556515787,0.0450244,,,2.852171929,0.0519629
1170.629,4.51205,,,,8.542416086,0.0451205,,,2.853741198,0.0519576
1172.557,4.54016,,,,8.528370049,0.0454016,,,2.855313009,0.0519735
1174.486,4.56572,,,,8.514362879,0.0456572,,,2.856885737,0.0519043
1176.414,4.58852,,,,8.50040887,0.0458852,,,2.858461016,0.0517922
1178.343,4.6332,,,,8.486493322,0.046332,,,2.860037215,0.0517468
1180.271,4.7095,,,,8.472630438,0.047095,,,2.861615972,0.0515546
1182.2,4.79285,,,,8.458805617,0.0479285,,,2.863196473,0.0513342
1184.128,4.88703,,,,8.445032969,0.0488703,,,2.864777899,0.0512663
1186.057,5.00051,,,,8.43129799,0.0500051,,,2.866361896,0.0511473
1187.986,5.12861,,,,8.417607615,0.0512861,,,2.867946823,0.0509354
1189.914,5.26579,,,,8.40396869,0.0526579,,,2.869534326,0.0507881
1191.843,5.39563,,,,8.390366852,0.0539563,,,2.871122764,0.0506561
1193.771,5.52256,,,,8.376815989,0.0552256,,,2.872713787,0.0505133
1195.7,5.65055,,,,8.363301832,0.0565055,,,2.874305747,0.0504258
1197.628,5.76415,,,,8.34983818,0.0576415,,,2.875900301,0.0503315
1199.557,5.84991,,,,8.336410858,0.0584991,,,2.877496624,0.0502284
1201.485,5.92451,,,,8.323033579,0.0592451,,,2.879093892,0.0502216
1203.414,5.97964,,,,8.309692259,0.0597964,,,2.880693763,0.0502859
1205.343,6.00849,,,,8.296393641,0.0600849,,,2.882294583,0.0503087
1207.271,6.01661,,,,8.283144381,0.0601661,,,2.883898015,0.0503113
1209.2,5.99156,,,,8.269930533,0.0599156,,,2.885502399,0.0503983
1211.128,5.9424,,,,8.256765594,0.059424,,,2.887109403,0.0505096
1213.057,5.88344,,,,8.243635707,0.0588344,,,2.888717363,0.0506131
1214.985,5.8051,,,,8.230554287,0.058051,,,2.890327951,0.0507047
1216.914,5.70216,,,,8.217507564,0.0570216,,,2.891940336,0.0508455
1218.842,5.5816,,,,8.20450887,0.055816,,,2.893553683,0.0510173
1220.771,5.4505,,,,8.191544524,0.054505,,,2.895168832,0.0510745
1222.699,5.31738,,,,8.178627773,0.0531738,,,2.896786624,0.0511225
1224.628,5.18424,,,,8.165745026,0.0518424,,,2.898406224,0.0512714
1226.557,5.04894,,,,8.1529028,0.0504894,,,2.900026796,0.0514029
1228.485,4.92168,,,,8.140107531,0.0492168,,,2.901650023,0.05148
1230.414,4.79478,,,,8.127345755,0.0479478,,,2.903274226,0.0514715
1232.342,4.67823,,,,8.114630517,0.0467823,,,2.904901091,0.0514174
1234.271,4.58787,,,,8.101948438,0.0458787,,,2.906528936,0.0513641
1236.199,4.52027,,,,8.089312481,0.0452027,,,2.908159452,0.0512699
1238.128,4.47808,,,,8.076709355,0.0447808,,,2.909790952,0.0511508
1240.056,4.46204,,,,8.064151942,0.0446204,,,2.911425131,0.0510264
1241.985,4.46644,,,,8.051627033,0.0446644,,,2.913061147,0.050878
1243.913,4.50028,,,,8.039147432,0.0450028,,,2.914698152,0.0507857
1245.842,4.5545,,,,8.026700015,0.045545,,,2.91633785,0.0507021
1247.771,4.62693,,,,8.014291084,0.0462693,,,2.917978541,0.0505157
1249.699,4.71566,,,,8.001926864,0.0471566,,,2.919621932,0.0502777
1251.628,4.81234,,,,7.989594352,0.0481234,,,2.921266322,0.0501019
1253.556,4.90795,,,,7.977306159,0.0490795,,,2.92291342,0.0498869
1255.485,5.01432,,,,7.965049363,0.0501432,,,2.92456152,0.0497488
1257.413,5.13684,,,,7.952836498,0.0513684,,,2.926212337,0.0496998
1259.342,5.26735,,,,7.940654723,0.0526735,,,2.927865018,0.0495579
1261.27,5.38781,,,,7.928516495,0.0538781,,,2.929518709,0.0495137
1263.199,5.49062,,,,7.916409054,0.0549062,,,2.931175129,0.0495278
1265.127,5.57496,,,,7.904344781,0.0557496,,,2.932832562,0.0495331
1267.056,5.62926,,,,7.892310995,0.0562926,,,2.934492732,0.0496183
1268.985,5.65842,,,,7.880313794,0.0565842,,,2.93615392,0.0497069
1270.913,5.67235,,,,7.868359203,0.0567235,,,2.937817854,0.0497973
1272.842,5.6652,,,,7.856434656,0.056652,,,2.93948281,0.0499804
1274.77,5.64111,,,,7.844552351,0.0564111,,,2.941150519,0.0501647
1276.699,5.5961,,,,7.832699798,0.055961,,,2.942819256,0.0502971
1278.627,5.52773,,,,7.820889126,0.0552773,,,2.944490755,0.0503752
1280.556,5.42773,,,,7.809107919,0.0542773,,,2.946164153,0.0504818
1282.484,5.29867,,,,7.797368232,0.0529867,,,2.947838586,0.0506073
1284.413,5.15334,,,,7.785657728,0.0515334,,,2.949515793,0.050723
1286.342,5.00421,,,,7.773982347,0.0500421,,,2.951194038,0.0507899
1288.27,4.84909,,,,7.762347955,0.0484909,,,2.952875067,0.0509334
1290.199,4.68456,,,,7.750742327,0.0468456,,,2.954557138,0.0510803
1292.127,4.51672,,,,7.739177341,0.0451672,,,2.956242002,0.0510663
1294.056,4.35584,,,,7.727640844,0.0435584,,,2.957927912,0.0510577
1295.984,4.21538,,,,7.716144644,0.0421538,,,2.959616623,0.0510306
1297.913,4.1038,,,,7.704676662,0.041038,,,2.961307263,0.0509939
1299.841,4.00846,,,,7.693248636,0.0400846,,,2.962998958,0.050935
1301.77,3.93325,,,,7.68184856,0.0393325,,,2.964692587,0.0507806
1303.698,3.88522,,,,7.670488104,0.0388522,,,2.966389032,0.0505577
1305.627,3.88299,,,,7.659155333,0.0388299,,,2.968087421,0.0503574
1307.556,3.92735,,,,7.647856,0.0392735,,,2.969786873,0.0501585
1309.484,3.9889,,,,7.636595789,0.039889,,,2.971489156,0.0499597
1311.413,4.07081,,,,7.625362872,0.0407081,,,2.973192507,0.0498285
1313.341,4.17824,,,,7.61416875,0.0417824,,,2.974898697,0.0496924
1315.27,4.2999,,,,7.603001665,0.042999,,,2.976605961,0.0495743
1317.198,4.44055,,,,7.591873052,0.0444055,,,2.978316072,0.0494464
1319.127,4.60855,,,,7.580771222,0.0460855,,,2.980027261,0.0493371
1321.055,4.78687,,,,7.569707544,0.0478687,,,2.981741307,0.0492333
1322.984,4.95812,,,,7.5586704,0.0495812,,,2.983457326,0.0491593
1324.912,5.11777,,,,7.547671091,0.0511777,,,2.98517443,0.0491096
1326.841,5.25992,,,,7.536698067,0.0525992,,,2.986894403,0.0490789
1328.77,5.38528,,,,7.525756903,0.0538528,,,2.988615467,0.0491113
1330.698,5.48721,,,,7.514853107,0.0548721,,,2.99033941,0.0491861
1332.627,5.55717,,,,7.503975231,0.0555717,,,2.992064447,0.0493318
1334.555,5.57728,,,,7.493134416,0.0557728,,,2.993792372,0.0495572
1336.484,5.54937,,,,7.48231928,0.0554937,,,2.995521396,0.0498111
1338.412,5.48136,,,,7.471540901,0.0548136,,,2.997253317,0.049968
1340.341,5.37653,,,,7.460787964,0.0537653,,,2.998987242,0.05009
1342.269,5.24159,,,,7.450071483,0.0524159,,,3.000722274,0.0503632
1344.198,5.08234,,,,7.43938021,0.0508234,,,3.002460216,0.0506623
1346.126,4.89736,,,,7.428725097,0.0489736,,,3.00419927,0.0507836
1348.055,4.70249,,,,7.418094959,0.0470249,,,3.005941243,0.050891
1349.984,4.51296,,,,7.4074952,0.0451296,,,3.007684333,0.051018
1351.912,4.34215,,,,7.396931161,0.0434215,,,3.009430351,0.0511306
1353.841,4.19705,,,,7.386391755,0.0419705,,,3.011177491,0.0512402
1355.769,4.0609,,,,7.37588778,0.040609,,,3.012927568,0.0513011
1357.698,3.93441,,,,7.365408213,0.0393441,,,3.014678772,0.051334
1359.626,3.83167,,,,7.354963792,0.0383167,,,3.016432923,0.0513367
1361.555,3.748,,,,7.344543555,0.03748,,,3.018189117,0.0512681
1363.483,3.65957,,,,7.334158182,0.0365957,,,3.019946444,0.0511933
1365.412,3.55862,,,,7.323796773,0.0355862,,,3.021706732,0.0511427
1367.341,3.47705,,,,7.3134646,0.0347705,,,3.02346816,0.0509102
1369.269,3.41919,,,,7.303166872,0.0341919,,,3.025232557,0.0506721
1371.198,3.36326,,,,7.292892784,0.0336326,,,3.026998099,0.0504645
1373.126,3.2913,,,,7.282652867,0.032913,,,3.02876662,0.0501851
1375.055,3.18934,,,,7.272436375,0.0318934,,,3.03053629,0.0499037
1376.983,3.10744,,,,7.262253782,0.0310744,,,3.032308949,0.0496688
1378.912,3.11812,,,,7.252094405,0.0311812,,,3.034083682,0.0495082
1380.84,3.29058,,,,7.241968657,0.0329058,,,3.035859573,0.049328
1382.769,3.62422,,,,7.231865915,0.0362422,,,3.037638467,0.0491629
1384.698,4.00546,,,,7.221791322,0.0400546,,,3.039418523,0.0490908
1386.626,4.36305,,,,7.21174996,0.0436305,,,3.041201591,0.0490866
1388.555,4.65624,,,,7.201731296,0.0465624,,,3.042985826,0.0491096
1390.483,4.88846,,,,7.191745602,0.0488846,,,3.044773084,0.0491431
1392.412,5.11721,,,,7.181782403,0.0511721,,,3.046561514,0.0491443
1394.34,5.346,,,,7.171851916,0.05346,,,3.048352975,0.0492383
1396.269,5.51635,,,,7.161943723,0.0551635,,,3.050146544,0.0494388
1398.197,5.64247,,,,7.152067985,0.0564247,,,3.051941294,0.0496219
1400.126,5.72805,,,,7.142214344,0.0572805,,,3.053738157,0.0498182
1402.054,5.76765,,,,7.132392904,0.0576765,,,3.055538071,0.0500653
1403.983,5.79452,,,,7.122593365,0.0579452,,,3.057340108,0.0503286
1405.911,5.77735,,,,7.112825776,0.0577735,,,3.059143336,0.050558
1407.84,5.70018,,,,7.103079895,0.0570018,,,3.060949629,0.050681
1409.769,5.59711,,,,7.093360685,0.0559711,,,3.062757118,0.0507909
1411.697,5.46643,,,,7.083673054,0.0546643,,,3.064567683,0.0509646
1413.626,5.31069,,,,7.074006845,0.0531069,,,3.066379449,0.0511456
1415.554,5.14083,,,,7.06437197,0.0514083,,,3.0681943,0.0513028
1417.483,4.98502,,,,7.054758329,0.0498502,,,3.070010358,0.051378
1419.411,4.79591,,,,7.045175781,0.0479591,,,3.071829511,0.0513244
1421.34,4.54622,,,,7.035614279,0.0454622,,,3.073650821,0.0512227
1423.268,4.33339,,,,7.026083633,0.0433339,,,3.075473346,0.051134
1425.197,4.1448,,,,7.016573849,0.041448,,,3.077298981,0.0509948
1427.125,3.97024,,,,7.007094683,0.0397024,,,3.079125836,0.0507253
1429.054,3.82451,,,,6.997636198,0.0382451,,,3.080955811,0.05045
1430.983,3.69219,,,,6.988203214,0.0369219,,,3.082787012,0.0501643
1432.911,3.58804,,,,6.978800498,0.0358804,,,3.084621343,0.0498665
1434.84,3.54623,,,,6.969418193,0.0354623,,,3.086456905,0.0495936
1436.768,3.55038,,,,6.960065926,0.0355038,,,3.088295607,0.0493363
1438.697,3.52928,,,,6.950733893,0.0352928,,,3.090135546,0.0491224
1440.625,3.52561,,,,6.94143167,0.0352561,,,3.091978634,0.0488777
1442.554,3.54733,,,,6.932149507,0.0354733,,,3.093823923,0.0486891
1444.482,3.57308,,,,6.922896928,0.0357308,,,3.095670457,0.0485524
1446.411,3.59032,,,,6.913664235,0.0359032,,,3.097520156,0.048331
1448.34,3.58188,,,,6.904456136,0.0358188,,,3.099371107,0.0481649
1450.268,3.53944,,,,6.895277287,0.0353944,,,3.101225232,0.048176
1452.197,3.4845,,,,6.886118068,0.034845,,,3.103080614,0.0482638
1454.125,3.44682,,,,6.876987879,0.0344682,,,3.104939182,0.0483179
1456.054,3.46703,,,,6.867877153,0.0346703,,,3.106799012,0.0484629
1457.982,3.4533,,,,6.858795239,0.034533,,,3.108662038,0.0486065
1459.911,3.40827,,,,6.849732621,0.0340827,,,3.1105273,0.0487315
1461.839,3.32774,,,,6.8406986,0.0332774,,,3.112393832,0.0489049
1463.768,3.17419,,,,6.831683709,0.0317419,,,3.114263576,0.0491546
1465.697,3.04808,,,,6.822692548,0.0304808,,,3.116134597,0.0493872
1467.625,2.99552,,,,6.813729665,0.0299552,,,3.11800884,0.0495509
1469.554,3.0112,,,,6.80478567,0.030112,,,3.119884365,0.0496837
1471.482,3.0122,,,,6.795869742,0.030122,,,3.121763122,0.049835
1473.411,2.80947,,,,6.786972542,0.0280947,,,3.123643167,0.0500319
1475.339,2.70874,,,,6.778103202,0.0270874,,,3.125526456,0.0501258
1477.268,2.86116,,,,6.769252431,0.0286116,,,3.127412017,0.0500851
1479.196,3.06976,,,,6.760429314,0.0306976,,,3.129298874,0.0499855
1481.125,3.3518,,,,6.75162461,0.033518,,,3.13118801,0.0498419
1483.053,3.69201,,,,6.742847356,0.0369201,,,3.13308041,0.0497072
1484.982,4.04269,,,,6.734088359,0.0404269,,,3.134975099,0.0495628
1486.911,4.37057,,,,6.725352089,0.0437057,,,3.136871097,0.0493333
1488.839,4.65858,,,,6.716642968,0.0465858,,,3.138770374,0.0490557
1490.768,4.85942,,,,6.707951874,0.0485942,,,3.140670967,0.0488192
1492.696,4.96431,,,,6.699287732,0.0496431,,,3.14257485,0.0485075
1494.625,5.05471,,,,6.690641465,0.0505471,,,3.144480054,0.0481692
1496.553,5.13001,,,,6.682021953,0.0513001,,,3.146388559,0.0479092
1498.482,5.10921,,,,6.673420168,0.0510921,,,3.148298392,0.0476125
1500.41,5.04736,,,,6.664844942,0.0504736,,,3.150211537,0.0472982
1502.339,4.978,,,,6.656287296,0.04978,,,3.152127008,0.0470697
1504.267,4.96262,,,,6.647756017,0.0496262,,,3.154043815,0.0469028
1506.196,4.96486,,,,6.63924217,0.0496486,,,3.155963951,0.0467811
1508.125,4.8409,,,,6.630750104,0.048409,,,3.157885429,0.0467561
1510.053,4.68362,,,,6.622284119,0.0468362,,,3.159810247,0.0467815
1511.982,4.59152,,,,6.61383535,0.0459152,,,3.161736413,0.0467951
1513.91,4.53883,,,,6.605412475,0.0453883,,,3.16366593,0.0468758
1515.839,4.52982,,,,6.597006674,0.0452982,,,3.1655968,0.0469766
1517.767,4.53057,,,,6.588626581,0.0453057,,,3.167531033,0.0470867
1519.696,4.56808,,,,6.580263421,0.0456808,,,3.169467631,0.0472331
1521.624,4.63355,,,,6.571925785,0.0463355,,,3.171405592,0.0475238
1523.553,4.65009,,,,6.563604942,0.0465009,,,3.173345925,0.0478532
1525.481,4.70227,,,,6.55530944,0.0470227,,,3.175289642,0.0480498
1527.41,4.77734,,,,6.547030594,0.0477734,,,3.177235741,0.0481806
1529.339,4.84993,,,,6.538772633,0.0484993,,,3.179183217,0.0483448
1531.267,4.95695,,,,6.530539743,0.0495695,,,3.181134093,0.0485794
1533.196,5.0946,,,,6.522323304,0.050946,,,3.183086352,0.0486853
1535.124,5.18134,,,,6.514131757,0.0518134,,,3.185042023,0.04867
1537.053,5.28421,,,,6.505956528,0.0528421,,,3.186999083,0.0486412
1538.981,5.49363,,,,6.497806016,0.0549363,,,3.188959567,0.0485391
1540.91,5.64195,,,,6.489671688,0.0564195,,,3.190921446,0.0483477
1542.838,5.66777,,,,6.481561901,0.0566777,,,3.192886759,0.0480777
1544.767,5.69645,,,,6.473468167,0.0569645,,,3.194854495,0.0477922
1546.696,5.71641,,,,6.465394622,0.0571641,,,3.196823636,0.047434
1548.624,5.73576,,,,6.457345359,0.0573576,,,3.198796229,0.0469445
1550.553,5.74683,,,,6.449311955,0.0574683,,,3.200770233,0.0465142
1552.481,5.74697,,,,6.441302663,0.0574697,,,3.202747701,0.0462253
1554.41,5.74439,,,,6.433309101,0.0574439,,,3.204726587,0.0459527
1556.338,5.73777,,,,6.425339483,0.0573777,,,3.206708948,0.0455514
1558.267,5.77562,,,,6.417385467,0.0577562,,,3.208692734,0.0451721
1560.195,5.64671,,,,6.409455228,0.0564671,,,3.210680006,0.0448911
1562.124,5.40957,,,,6.401540467,0.0540957,,,3.212668709,0.0446327
1564.052,5.26636,,,,6.393649316,0.0526636,,,3.214660911,0.0444197
1565.981,5.16164,,,,6.385773518,0.0516164,,,3.216655585,0.0443301
1567.91,5.08112,,,,6.3779171,0.0508112,,,3.2186517,0.0442881
1569.838,5.00396,,,,6.370084047,0.0500396,,,3.220651332,0.044234
1571.767,4.88447,,,,6.362266163,0.0488447,,,3.222652411,0.0442433
1573.695,4.82683,,,,6.354471483,0.0482683,,,3.224657017,0.0442538
1575.624,4.84298,,,,6.34669185,0.0484298,,,3.226663079,0.0442126
1577.552,4.79382,,,,6.338935262,0.0479382,,,3.22867268,0.0441353
1579.481,4.73514,,,,6.331193601,0.0473514,,,3.230683742,0.0439947
1581.409,4.73944,,,,6.323474825,0.0473944,,,3.232698356,0.0438884
1583.338,4.76563,,,,6.315770859,0.0476563,,,3.234715484,0.0438064
1585.266,4.80626,,,,6.30808962,0.0480626,,,3.236734084,0.0436756
1587.195,4.85772,,,,6.300423073,0.0485772,,,3.238756253,0.043501
1589.124,4.92414,,,,6.292775139,0.0492414,,,3.2407799,0.0432551
1591.052,5.00317,,,,6.2851497,0.0500317,,,3.24280713,0.0430136
1592.981,5.08653,,,,6.277538778,0.0508653,,,3.244835844,0.0427722
1594.909,5.16934,,,,6.269950198,0.0516934,,,3.246868152,0.042503
1596.838,5.2521,,,,6.262376021,0.052521,,,3.248901952,0.0421776
1598.766,5.33226,,,,6.254824033,0.0533226,,,3.250939359,0.0417696
1600.695,5.41774,,,,6.247286335,0.0541774,,,3.252979322,0.0413376
1602.623,5.49808,,,,6.239770676,0.0549808,,,3.255020788,0.0408494
1604.552,5.56598,,,,6.232269194,0.0556598,,,3.257064818,0.0403703
1606.48,5.6268,,,,6.224789602,0.056268,,,3.259112478,0.0399742
1608.409,5.6812,,,,6.217324076,0.056812,,,3.261162715,0.0395983
1610.338,5.71139,,,,6.209876436,0.0571139,,,3.263214469,0.039192
1612.266,5.72477,,,,6.202450464,0.0572477,,,3.265269871,0.0388601
1614.195,5.74783,,,,6.195038394,0.0574783,,,3.267326797,0.0386826
1616.123,5.78655,,,,6.187647846,0.0578655,,,3.269387385,0.0385978
1618.052,5.72655,,,,6.180271091,0.0572655,,,3.271449504,0.0384666
1619.98,5.63198,,,,6.172915715,0.0563198,,,3.273515297,0.0382856
1621.909,5.59779,,,,6.165574024,0.0559779,,,3.275582628,0.0381659
1623.837,5.54887,,,,6.158253569,0.0554887,,,3.277653646,0.0381754
1625.766,5.45775,,,,6.150946692,0.0545775,,,3.279727284,0.0382659
1627.695,5.37881,,,,6.143657135,0.0537881,,,3.281802471,0.0383391
1629.623,5.28965,,,,6.1363886,0.0528965,,,3.283881364,0.0382787
1631.552,5.21113,,,,6.129133488,0.0521113,,,3.285961813,0.0380796
1633.48,5.19538,,,,6.121899258,0.0519538,,,3.28804598,0.0378797
1635.409,5.19971,,,,6.114678347,0.0519971,,,3.290131711,0.0377237
1637.337,5.10543,,,,6.10747818,0.0510543,,,3.292221173,0.0373956
1639.266,5.01578,,,,6.100291228,0.0501578,,,3.294312205,0.036945
1641.194,4.98416,,,,6.093124883,0.0498416,,,3.296406982,0.0364837
1643.123,4.98464,,,,6.085971653,0.0498464,,,3.298504425,0.0360011
1645.052,5.03905,,,,6.078835198,0.0503905,,,3.300603449,0.0354908
1646.98,5.0886,,,,6.071719147,0.050886,,,3.302706237,0.0349048
1648.909,5.08011,,,,6.064616058,0.0508011,,,3.304810615,0.0343396
1650.837,5.15419,,,,6.057533239,0.0515419,,,3.306918769,0.0338417
1652.766,5.33513,,,,6.050463284,0.0533513,,,3.309028519,0.0334121
1654.694,5.32416,,,,6.043413465,0.0532416,,,3.311142059,0.0330526
1656.623,5.25224,,,,6.036376412,0.0525224,,,3.313257204,0.0327247
1658.551,5.28184,,,,6.029359362,0.0528184,,,3.315376151,0.0324688
1660.48,5.36581,,,,6.022354982,0.0536581,,,3.31749671,0.0323479
1662.408,5.46236,,,,6.015370475,0.0546236,,,3.319621085,0.0322295
1664.337,5.51127,,,,6.008398539,0.0551127,,,3.321748183,0.0321436
1666.266,5.5587,,,,6.001442747,0.055587,,,3.323876904,0.032162
1668.194,5.66238,,,,5.994506634,0.0566238,,,3.326009461,0.0321198
1670.123,5.74058,,,,5.98758295,0.0574058,,,3.328143648,0.0319016
1672.051,5.74762,,,,5.980678819,0.0574762,,,3.330281685,0.0315552
1673.98,5.78874,,,,5.973787023,0.0578874,,,3.332421361,0.0310995
1675.908,5.81828,,,,5.966914652,0.0581828,,,3.334564899,0.0305849
1677.837,5.77761,,,,5.960054523,0.0577761,,,3.336710084,0.0299797
1679.765,5.77196,,,,5.953213694,0.0577196,,,3.338859145,0.0292148
1681.694,5.80411,,,,5.946385014,0.0580411,,,3.341010977,0.0284421
1683.622,5.87368,,,,5.93957551,0.0587368,,,3.343164466,0.0277448
1685.551,5.80347,,,,5.932778065,0.0580347,,,3.345320733,0.027225
1687.479,5.66737,,,,5.925999672,0.0566737,,,3.347480903,0.026796
1689.408,5.59611,,,,5.919233246,0.0559611,,,3.349643866,0.0263497
1691.337,5.53567,,,,5.912482255,0.0553567,,,3.351808502,0.0259454
1693.265,5.50191,,,,5.905750134,0.0550191,,,3.353977062,0.0255825
1695.194,5.52108,,,,5.899029846,0.0552108,,,3.356147304,0.0251298
1697.122,5.48101,,,,5.892328306,0.0548101,,,3.358321484,0.0245355
1699.051,5.46959,,,,5.885638512,0.0546959,,,3.360497354,0.0240087
1700.979,5.4393,,,,5.878967348,0.054393,,,3.362677175,0.0236114
1702.908,5.31557,,,,5.87230784,0.0531557,,,3.364858694,0.0232121
1704.836,5.27932,,,,5.865666844,0.0527932,,,3.36704418,0.0229046
1706.765,5.2507,,,,5.859037419,0.052507,,,3.369232506,0.022705
1708.694,5.21148,,,,5.852422962,0.0521148,,,3.371422541,0.0226284
1710.622,5.20181,,,,5.84582684,0.0520181,,,3.373616564,0.0226112
1712.551,5.22643,,,,5.83924216,0.0522643,,,3.375812305,0.0225752
1714.479,5.28623,,,,5.832675699,0.0528623,,,3.378012047,0.0224596
1716.408,5.37125,,,,5.826120596,0.0537125,,,3.380213515,0.0222562
1718.336,5.41097,,,,5.819583597,0.0541097,,,3.382418998,0.0219788
1720.265,5.38422,,,,5.813057872,0.0538422,,,3.384626215,0.0216572
1722.193,5.39338,,,,5.806550137,0.0539338,,,3.386837463,0.0213289
1724.122,5.43466,,,,5.800053592,0.0543466,,,3.389051601,0.0209545
1726.051,5.46902,,,,5.793571569,0.0546902,,,3.391267486,0.0204923
1727.979,5.5197,,,,5.787107366,0.055197,,,3.393487423,0.0199285
1729.908,5.58123,,,,5.780654231,0.0558123,,,3.395709114,0.0192801
1731.836,5.65944,,,,5.774218806,0.0565944,,,3.397934871,0.0185701
1733.765,5.75168,,,,5.767794367,0.0575168,,,3.400162392,0.0179304
1735.693,5.71046,,,,5.761387526,0.0571046,,,3.402393992,0.0173862
1737.622,5.65701,,,,5.754991592,0.0565701,,,3.404627365,0.0169407
1739.55,5.679,,,,5.748613147,0.05679,,,3.406864833,0.0167155
1741.479,5.66072,,,,5.742245528,0.0566072,,,3.409104081,0.0167567
1743.407,5.63847,,,,5.73589529,0.0563847,,,3.411347438,0.0173109
1745.336,5.63053,,,,5.729555799,0.0563053,,,3.41359375,0.0185411
1747.265,5.63551,,,,5.723230306,0.0563551,,,3.415841855,0.020523
1749.193,5.64035,,,,5.716922032,0.0564035,,,3.418094091,0.0235325
1751.122,5.62569,,,,5.710624388,0.0562569,,,3.42034813,0.0279029
1753.05,5.56788,,,,5.704343858,0.0556788,,,3.422606315,0.0337062
1754.979,5.53376,,,,5.69807388,0.0553376,,,3.42486631,0.0406743
1756.907,5.52099,,,,5.69182091,0.0552099,,,3.427130467,0.0473767
1758.836,5.48749,,,,5.685578417,0.0548749,,,3.429396443,0.0511494
1760.764,5.47082,,,,5.679352826,0.0547082,,,3.431666596,0.0508906
1762.693,5.44256,,,,5.673137637,0.0544256,,,3.433939756,0.0484786
1764.621,5.40022,,,,5.666939246,0.0540022,,,3.436214748,0.0458646
1766.55,5.40089,,,,5.660751182,0.0540089,,,3.43849394,0.0436696
1768.479,5.41484,,,,5.654576616,0.0541484,,,3.440774973,0.0420909
1770.407,5.43829,,,,5.648418697,0.0543829,,,3.443060219,0.0409056
1772.336,5.46878,,,,5.642270992,0.0546878,,,3.445347317,0.0399386
1774.264,5.43879,,,,5.63613983,0.0543879,,,3.447638643,0.0392198
1776.193,5.41066,,,,5.63001881,0.0541066,,,3.449931829,0.0386685
1778.121,5.41601,,,,5.623914233,0.0541601,,,3.45222926,0.0382029
1780.05,5.43689,,,,5.617819724,0.0543689,,,3.454529752,0.0377724
1781.978,5.45654,,,,5.611741559,0.0545654,,,3.456832118,0.0373781
1783.907,5.48678,,,,5.60567339,0.0548678,,,3.459137554,0.037032
1785.835,5.51476,,,,5.599621466,0.0551476,,,3.461447266,0.036645
1787.764,5.52274,,,,5.593579466,0.0552274,,,3.463760064,0.0361322
1789.693,5.55887,,,,5.587550491,0.0555887,,,3.466074754,0.035616
1791.621,5.62024,,,,5.581537613,0.0562024,,,3.468393742,0.0351267
1793.55,5.6344,,,,5.575534554,0.056344,,,3.470714631,0.034647
1795.478,5.61293,,,,5.569547497,0.0561293,,,3.473039834,0.0341963
1797.407,5.6163,,,,5.563570187,0.056163,,,3.475366947,0.0336307
1799.335,5.63268,,,,5.557608783,0.0563268,,,3.47769839,0.0330552
1801.264,5.63866,,,,5.551657059,0.0563866,,,3.480031752,0.0324945
1803.192,5.61817,,,,5.545721143,0.0561817,,,3.48236946,0.0318763
1805.121,5.59851,,,,5.539794839,0.0559851,,,3.484710311,0.0312441
1807.049,5.58565,,,,5.53388425,0.0558565,,,3.487053095,0.0305617
1808.978,5.57611,,,,5.527983204,0.0557611,,,3.489400249,0.0298395
1810.907,5.55743,,,,5.522094729,0.0555743,,,3.491749345,0.0290226
1812.835,5.52619,,,,5.516221829,0.0552619,,,3.494102828,0.0281565
1814.764,5.49125,,,,5.510358372,0.0549125,,,3.496458263,0.0274078
1816.692,5.47025,,,,5.504510396,0.0547025,,,3.498818099,0.0269594
1818.621,5.44877,,,,5.498671796,0.0544877,,,3.501179898,0.0271426
1820.549,5.42798,,,,5.492848586,0.0542798,,,3.503546114,0.0286014
1822.478,5.42855,,,,5.487034686,0.0542855,,,3.505914302,0.0323895
1824.406,5.45098,,,,5.481236085,0.0545098,,,3.508286925,0.0391503
1826.335,5.45585,,,,5.475446728,0.0545585,,,3.51066276,0.0461123
1828.264,5.46264,,,,5.469669588,0.0546264,,,3.513040582,0.0487648
1830.192,5.47413,,,,5.463907612,0.0547413,,,3.515422863,0.0475083
1832.121,5.46488,,,,5.458154783,0.0546488,,,3.51780714,0.0452697
1834.049,5.46498,,,,5.452417029,0.0546498,,,3.520195892,0.0433737
1835.978,5.47683,,,,5.446688359,0.0547683,,,3.522586649,0.0419702
1837.906,5.49158,,,,5.440974674,0.0549158,,,3.524981899,0.0408478
1839.835,5.50945,,,,5.435270011,0.0550945,,,3.527379164,0.0399645
1841.763,5.54632,,,,5.429580245,0.0554632,,,3.529780938,0.0392807
1843.692,5.60313,,,,5.423899437,0.0560313,,,3.532185985,0.0386899
1845.62,5.61308,,,,5.418233439,0.0561308,,,3.534593062,0.0381668
1847.549,5.60445,,,,5.412576338,0.0560445,,,3.537004673,0.0378607
1849.478,5.60911,,,,5.406931037,0.0560911,,,3.539418325,0.0377088
1851.406,5.61377,,,,5.401300417,0.0561377,,,3.541836527,0.0374988
1853.335,5.62103,,,,5.395678601,0.0562103,,,3.54425678,0.0372515
1855.263,5.62687,,,,5.390071381,0.0562687,,,3.546681601,0.0371005
1857.192,5.63014,,,,5.384472903,0.0563014,,,3.549108482,0.0369802
1859.12,5.62863,,,,5.378888937,0.0562863,,,3.551539948,0.036875
1861.049,5.62199,,,,5.373313653,0.0562199,,,3.553974748,0.0369217
1862.977,5.60932,,,,5.367752796,0.0560932,,,3.556411623,0.037041
1864.906,5.59512,,,,5.362200561,0.0559512,,,3.558851843,0.0371798
1866.834,5.58864,,,,5.356662671,0.0558864,,,3.561296682,0.0374518
1868.763,5.57759,,,,5.351133343,0.0557759,,,3.563744883,0.037813
1870.692,5.54057,,,,5.345615419,0.0554057,,,3.56619518,0.0380996
1872.62,5.49606,,,,5.340111715,0.0549606,,,3.568650122,0.0383791
1874.549,5.4629,,,,5.334616486,0.054629,,,3.571107172,0.0386289
1876.477,5.43522,,,,5.329135396,0.0543522,,,3.573568884,0.0387526
1878.406,5.41059,,,,5.323662723,0.0541059,,,3.576032714,0.0388062
1880.334,5.38928,,,,5.318204106,0.0538928,,,3.578501223,0.0389839
1882.263,5.37053,,,,5.31275385,0.0537053,,,3.580971861,0.0392097
1884.191,5.35338,,,,5.30731757,0.0535338,,,3.583447197,0.0393668
1886.12,5.33864,,,,5.301889593,0.0533864,,,3.585925958,0.0396339
1888.048,5.3296,,,,5.296475513,0.053296,,,3.588406862,0.0400334
1889.977,5.31665,,,,5.29106968,0.0531665,,,3.590892491,0.0403908
1891.906,5.29538,,,,5.28567487,0.0529538,,,3.593380275,0.0407558
1893.834,5.29159,,,,5.280293838,0.0529159,,,3.595872801,0.0412933
1895.763,5.30546,,,,5.274920968,0.0530546,,,3.598367493,0.0418409
1897.691,5.32639,,,,5.269561799,0.0532639,,,3.600866945,0.0422681
1899.62,5.35657,,,,5.264210737,0.0535657,,,3.603368573,0.0426103
1901.548,5.39342,,,,5.258873297,0.0539342,,,3.60587498,0.0429634
1903.477,5.43198,,,,5.253543909,0.0543198,,,3.608384876,0.0433351
1905.405,5.47193,,,,5.248228067,0.0547193,,,3.610896965,0.0436296
1907.334,5.51607,,,,5.242920223,0.0551607,,,3.613413859,0.0438005
1909.263,5.55146,,,,5.237623104,0.0555146,,,3.615932958,0.0438738
1911.191,5.57548,,,,5.232339416,0.0557548,,,3.61845688,0.0438906
1913.12,5.59783,,,,5.227063645,0.0559783,,,3.620983017,0.0439015
1915.048,5.61341,,,,5.221801229,0.0561341,,,3.623513997,0.0438324
1916.977,5.63795,,,,5.216546677,0.0563795,,,3.626047202,0.0437619
1918.905,5.64524,,,,5.211305406,0.0564524,,,3.628585269,0.0437471
1920.834,5.62803,,,,5.206071946,0.0562803,,,3.631125573,0.0436645
1922.762,5.61874,,,,5.200851691,0.0561874,,,3.633670756,0.0435115
1924.691,5.59912,,,,5.195639196,0.0559912,,,3.63621951,0.0434001
1926.62,5.57567,,,,5.190437139,0.0557567,,,3.638770518,0.0433323
1928.548,5.54899,,,,5.185248176,0.0554899,,,3.641326433,0.0433045
1930.477,5.51557,,,,5.180066895,0.0551557,,,3.643884614,0.043296
1932.405,5.48338,,,,5.174898637,0.0548338,,,3.646447722,0.0433247
1934.334,5.44953,,,,5.169738008,0.0544953,,,3.649013106,0.0434164
1936.262,5.41338,,,,5.164590329,0.0541338,,,3.651583436,0.0435421
1938.191,5.37833,,,,5.15945023,0.0537833,,,3.654156054,0.0436178
1940.119,5.3529,,,,5.154323008,0.053529,,,3.656733637,0.0437497
1942.048,5.33311,,,,5.149203315,0.0533311,,,3.659314859,0.0439272
1943.976,5.30881,,,,5.144096429,0.0530881,,,3.661898387,0.0440774
1945.905,5.28848,,,,5.138997022,0.0528848,,,3.664485565,0.0441735
1947.833,5.27818,,,,5.133910351,0.0527818,,,3.667077746,0.0442443
1949.762,5.27795,,,,5.128831109,0.0527795,,,3.669673597,0.0443067
1951.691,5.28176,,,,5.123761907,0.0528176,,,3.672271777,0.0443426
1953.619,5.29175,,,,5.118705336,0.0529175,,,3.67487499,0.0443883
1955.548,5.3139,,,,5.113656121,0.053139,,,3.677480543,0.0444059
1957.476,5.34448,,,,5.108619467,0.0534448,,,3.680091148,0.0444327
1959.405,5.37554,,,,5.10359012,0.0537554,,,3.682704107,0.0444555
1961.333,5.40639,,,,5.098573266,0.0540639,,,3.685322136,0.0444393
1963.262,5.45002,,,,5.093563671,0.0545002,,,3.68794253,0.044345
1965.19,5.50217,,,,5.0885665,0.0550217,,,3.690568015,0.0442436
1967.119,5.55623,,,,5.08357654,0.0555623,,,3.693197241,0.0442462
1969.047,5.59845,,,,5.078598936,0.0559845,,,3.695828851,0.0443121
1970.976,5.63182,,,,5.073628497,0.0563182,,,3.698465581,0.0443251
1972.905,5.6662,,,,5.068667777,0.056662,,,3.701104706,0.0442913
1974.833,5.6956,,,,5.063719312,0.056956,,,3.703748972,0.0442817
1976.762,5.71464,,,,5.058777941,0.0571464,,,3.706395645,0.0443297
1978.69,5.73457,,,,5.053848759,0.0573457,,,3.70904748,0.0444085
1980.619,5.74259,,,,5.048926623,0.0574259,,,3.711701734,0.0444684
1982.547,5.7335,,,,5.044016611,0.057335,,,3.714361169,0.0444707
1984.476,5.72394,,,,5.0391136,0.0572394,,,3.717024418,0.0445013
1986.404,5.70945,,,,5.034222646,0.0570945,,,3.719690105,0.0445773
1988.333,5.68511,,,,5.029338647,0.0568511,,,3.722361004,0.0446071
1990.262,5.6551,,,,5.024464116,0.056551,,,3.725034354,0.0446618
1992.19,5.61547,,,,5.019601544,0.0561547,,,3.727712936,0.0447192
1994.119,5.56295,,,,5.01474586,0.0556295,,,3.730393982,0.0447033
1996.047,5.50948,,,,5.009902071,0.0550948,,,3.73308028,0.0446856
1997.976,5.45865,,,,5.005065126,0.0545865,,,3.735769055,0.0447005
1999.904,5.40101,,,,5.000240012,0.0540101,,,3.738463103,0.0446943
2001.833,5.33996,,,,4.995421696,0.0533996,,,3.74115964,0.044544
2003.761,5.2801,,,,4.990615148,0.052801,,,3.743861471,0.0443454
2005.69,5.22169,,,,4.985815355,0.0522169,,,3.746567208,0.04417
2007.619,5.16979,,,,4.981024786,0.0516979,,,3.749275453,0.0439669
2009.547,5.12357,,,,4.97624589,0.0512357,,,3.751989023,0.0437833
2011.476,5.07527,,,,4.971473684,0.0507527,,,3.754705115,0.0436043
2013.404,5.03325,,,,4.966713089,0.0503325,,,3.757426554,0.043391
2015.333,5.00424,,,,4.96195914,0.0500424,,,3.760150526,0.0432022
2017.261,4.99047,,,,4.957216741,0.0499047,,,3.762879867,0.0431241
2019.19,4.9964,,,,4.952480945,0.049964,,,3.765611756,0.043089
2021.118,5.02825,,,,4.947756638,0.0502825,,,3.768349034,0.0430966
2023.047,5.08159,,,,4.943038891,0.0508159,,,3.771090294,0.0431205
2024.975,5.14463,,,,4.938332572,0.0514463,,,3.773834121,0.0431318
2026.904,5.20469,,,,4.933632772,0.0520469,,,3.77658337,0.0431616
2028.833,5.26798,,,,4.928941909,0.0526798,,,3.7793352,0.0431343
2030.761,5.33415,,,,4.924262382,0.0533415,,,3.782092473,0.0430695
2032.69,5.39754,,,,4.919589313,0.0539754,,,3.78485234,0.0430362
2034.618,5.46097,,,,4.91492752,0.0546097,,,3.787617672,0.0430728
2036.547,5.51877,,,,4.910272142,0.0551877,,,3.790385611,0.0431747
2038.475,5.56701,,,,4.905627982,0.0556701,,,3.793159038,0.0434414
2040.404,5.6123,,,,4.900990196,0.056123,,,3.795936526,0.0437167
2042.332,5.64918,,,,4.896363569,0.0564918,,,3.798716642,0.0440096
2044.261,5.67224,,,,4.891743275,0.0567224,,,3.801500833,0.0443828
2046.189,5.688,,,,4.887134082,0.05688,,,3.804290555,0.0448555
2048.118,5.70107,,,,4.882531182,0.0570107,,,3.807084375,0.0453422
2050.046,5.69945,,,,4.877939324,0.0569945,,,3.80988085,0.0457202
2051.975,5.67839,,,,4.87335372,0.0567839,,,3.81268289,0.0460775
2053.904,5.64855,,,,4.86877673,0.0564855,,,3.815487598,0.0464293
2055.832,5.61461,,,,4.864210694,0.0561461,,,3.818297894,0.0467362
2057.761,5.57326,,,,4.859650854,0.0557326,,,3.821110873,0.0469713
2059.689,5.52315,,,,4.855101911,0.0552315,,,3.823929462,0.0470976
2061.618,5.47091,,,,4.850559124,0.0547091,,,3.826750748,0.0471984
2063.546,5.41687,,,,4.846027178,0.0541687,,,3.829577667,0.0472818
2065.475,5.36232,,,,4.84150135,0.0536232,,,3.832408765,0.0473958
2067.403,5.30733,,,,4.836986306,0.0530733,,,3.835242581,0.0474452
2069.332,5.25847,,,,4.832477341,0.0525847,,,3.838082064,0.0473956
2071.26,5.21648,,,,4.827979105,0.0521648,,,3.84092428,0.0472992
2073.189,5.18149,,,,4.823486908,0.0518149,,,3.843772186,0.0471865
2075.118,5.1547,,,,4.819003064,0.051547,,,3.846622838,0.0470427
2077.046,5.13389,,,,4.814529866,0.0513389,,,3.849479204,0.046907
2078.975,5.12936,,,,4.810062651,0.0512936,,,3.852338331,0.0468021
2080.903,5.13611,,,,4.805606028,0.0513611,,,3.855203194,0.0467626
2082.832,5.15133,,,,4.80115535,0.0515133,,,3.858070833,0.0468129
2084.76,5.1834,,,,4.796715209,0.051834,,,3.860944233,0.0468814
2086.689,5.22334,,,,4.792280977,0.0522334,,,3.863821915,0.0470242
2088.617,5.26654,,,,4.787857228,0.0526654,,,3.866702395,0.0472613
2090.546,5.32325,,,,4.78343935,0.0532325,,,3.86958867,0.047523
2092.475,5.38815,,,,4.779029618,0.0538815,,,3.872477758,0.0478102
2094.403,5.45145,,,,4.774630288,0.0545145,,,3.875372666,0.0481307
2096.332,5.51295,,,,4.770236775,0.0551295,,,3.8782704,0.0485725
2098.26,5.57396,,,,4.765853612,0.0557396,,,3.881173978,0.0490874
2100.189,5.63446,,,,4.761476229,0.0563446,,,3.884080397,0.0495768
2102.117,5.695,,,,4.757109143,0.05695,,,3.886992684,0.0500187
2104.046,5.74523,,,,4.752747801,0.0574523,,,3.889909342,0.0504671
2105.974,5.78107,,,,4.748396704,0.0578107,,,3.892828864,0.0509051
2107.903,5.80583,,,,4.744051315,0.0580583,,,3.89575429,0.0513048
2109.832,5.82558,,,,4.739713873,0.0582558,,,3.898682596,0.0516632
2111.76,5.83113,,,,4.735386597,0.0583113,,,3.90161683,0.0519533
2113.688,5.82355,,,,4.731067215,0.0582355,,,3.904553959,0.0522004
2115.617,5.80575,,,,4.726753472,0.0580575,,,3.907497041,0.0523361
2117.546,5.77993,,,,4.722447588,0.0577993,,,3.910443034,0.0523682
2119.474,5.7402,,,,4.718151768,0.057402,,,3.913395003,0.0523496
2121.403,5.68633,,,,4.713861534,0.0568633,,,3.916351433,0.0522007
2123.331,5.62641,,,,4.709581314,0.0562641,,,3.919310797,0.0520175
2125.26,5.56664,,,,4.705306645,0.0556664,,,3.922274637,0.0518945
2127.188,5.50503,,,,4.701041939,0.0550503,,,3.925244503,0.0517141
2129.117,5.42937,,,,4.696782751,0.0542937,,,3.928218871,0.0514824
2131.045,5.34895,,,,4.692533475,0.0534895,,,3.931196204,0.051348
2132.974,5.28065,,,,4.688289684,0.0528065,,,3.934179602,0.0511945
2134.903,5.21961,,,,4.684053561,0.0521961,,,3.937165981,0.0509776
2136.831,5.16455,,,,4.679827277,0.0516455,,,3.94015845,0.0507194
2138.76,5.12116,,,,4.675606426,0.0512116,,,3.943153916,0.0503767
2140.688,5.08444,,,,4.671395364,0.0508444,,,3.946155497,0.0500222
2142.617,5.05728,,,,4.667189703,0.0505728,,,3.949160093,0.049779
2144.545,5.0449,,,,4.662993782,0.050449,,,3.952170829,0.0496903
2146.474,5.04702,,,,4.658803228,0.0504702,,,3.955186159,0.0496346
2148.402,5.0607,,,,4.654622366,0.050607,,,3.958204527,0.0496471
2150.331,5.09001,,,,4.650446838,0.0509001,,,3.961229074,0.0498261
2152.26,5.13164,,,,4.646278795,0.0513164,,,3.964256676,0.0502117
2154.188,5.18804,,,,4.642120372,0.0518804,,,3.967290483,0.0506503
2156.117,5.25893,,,,4.637967235,0.0525893,,,3.970327361,0.0511032
2158.045,5.32648,,,,4.633823669,0.0532648,,,3.973370471,0.0515708
2159.974,5.39232,,,,4.629685357,0.0539232,,,3.976416668,0.0520774
2161.902,5.46354,,,,4.62555657,0.0546354,,,3.979469123,0.0526438
2163.831,5.52996,,,,4.621433005,0.0552996,,,3.982526268,0.0531488
2165.759,5.59148,,,,4.617318917,0.0559148,,,3.985586525,0.0536393
2167.688,5.64709,,,,4.613210019,0.0564709,,,3.98865308,0.0541512
2169.616,5.7005,,,,4.609110552,0.057005,,,3.991722764,0.0545906
2171.545,5.74508,,,,4.605016244,0.0574508,,,3.994798772,0.0548944
2173.474,5.77491,,,,4.600929204,0.0577491,,,3.997877926,0.0550963
2175.402,5.78912,,,,4.596851524,0.0578912,,,4.000963432,0.0552886
2177.331,5.79256,,,,4.592778957,0.0579256,,,4.004052101,0.0553974
2179.259,5.78775,,,,4.588715706,0.0578775,,,4.007147148,0.0553382
2181.188,5.76244,,,,4.584657535,0.0576244,,,4.010245375,0.0552196
2183.116,5.72745,,,,4.580608635,0.0572745,,,4.013350007,0.0550719
2185.045,5.68988,,,,4.576564785,0.0568988,,,4.016459451,0.0547655
2186.973,5.63958,,,,4.572530159,0.0563958,,,4.0195721,0.0544342
2188.902,5.58223,,,,4.568500554,0.0558223,,,4.022691197,0.0540822
2190.831,5.5223,,,,4.564478045,0.055223,,,4.025813516,0.0536495
2192.759,5.45882,,,,4.560464693,0.0545882,,,4.02894231,0.0532076
2194.688,5.39381,,,,4.556456316,0.0539381,,,4.032074345,0.0527605
2196.616,5.32177,,,,4.552457052,0.0532177,,,4.035212882,0.052304
2198.545,5.25997,,,,4.548462733,0.0525997,,,4.038354677,0.0519027
2200.473,5.20852,,,,4.544477483,0.0520852,,,4.041503003,0.0515353
2202.402,5.15861,,,,4.540497148,0.0515861,,,4.044656241,0.0512503
2204.33,5.12568,,,,4.536525838,0.0512568,,,4.047812764,0.0511797
2206.259,5.09874,,,,4.532559414,0.0509874,,,4.050974219,0.0512403
2208.188,5.07831,,,,4.52859992,0.0507831,,,4.054142259,0.0512723
2210.116,5.07732,,,,4.524649385,0.0507732,,,4.057315258,0.0513799
2212.044,5.08882,,,,4.520705736,0.0508882,,,4.060491579,0.0515787
2213.973,5.10639,,,,4.516766916,0.0510639,,,4.063674529,0.0518294
2215.902,5.13927,,,,4.512834954,0.0513927,,,4.066860819,0.0521491
2217.83,5.18289,,,,4.508911864,0.0518289,,,4.070053765,0.0525914
2219.759,5.22937,,,,4.50499356,0.0522937,,,4.073250071,0.053026
2221.687,5.28507,,,,4.501084086,0.0528507,,,4.076453062,0.0534426
2223.616,5.34996,,,,4.497179369,0.0534996,,,4.07965943,0.053928
2225.544,5.41819,,,,4.49328344,0.0541819,,,4.082872513,0.0544581
2227.473,5.48994,,,,4.48939224,0.0548994,,,4.086090661,0.054998
2229.401,5.56128,,,,4.485509785,0.0556128,,,4.089312214,0.0554846
2231.33,5.62168,,,,4.481632031,0.0562168,,,4.092540526,0.0558857
2233.259,5.67128,,,,4.477760976,0.0567128,,,4.095772262,0.0562072
2235.187,5.70936,,,,4.473898604,0.0570936,,,4.099010786,0.0564408
2237.116,5.73403,,,,4.470040892,0.0573403,,,4.102252752,0.05656
2239.044,5.74231,,,,4.466191821,0.0574231,,,4.105501536,0.0565509
2240.973,5.74244,,,,4.462347382,0.0574244,,,4.108753782,0.0564179
2242.901,5.74279,,,,4.458511544,0.0574279,,,4.112012876,0.0561381
2244.83,5.73278,,,,4.45468031,0.0573278,,,4.115277143,0.0558548
2246.758,5.70702,,,,4.450857636,0.0570702,,,4.118544902,0.0555569
2248.687,5.67467,,,,4.447039539,0.0567467,,,4.121819553,0.0550938
2250.615,5.63361,,,,4.443229962,0.0563361,,,4.125097713,0.0545705
2252.544,5.57848,,,,4.439424935,0.0557848,,,4.128382797,0.0540113
2254.473,5.52055,,,,4.435626419,0.0552055,,,4.13167141,0.0533759
2256.401,5.45526,,,,4.431836362,0.0545526,,,4.134966976,0.052744
2258.33,5.38867,,,,4.428050816,0.0538867,,,4.138266091,0.0521849
2260.258,5.32001,,,,4.424273689,0.0532001,,,4.141572191,0.0517288
2262.187,5.24614,,,,4.420501046,0.0524614,,,4.144881858,0.0513517
2264.115,5.17932,,,,4.416736782,0.0517932,,,4.148198541,0.0510672
2266.044,5.12597,,,,4.412976977,0.0512597,,,4.151520536,0.0507838
2267.972,5.07347,,,,4.409225511,0.0507347,,,4.154846129,0.0505099
2269.901,5.02618,,,,4.405478477,0.0502618,,,4.158178784,0.0504155
2271.83,4.99736,,,,4.401737806,0.0499736,,,4.161515058,0.050467
2273.758,4.98204,,,,4.398005417,0.0498204,,,4.164858424,0.0505865
2275.687,4.97387,,,,4.39427742,0.0497387,,,4.168205429,0.050818
2277.615,4.97899,,,,4.390557667,0.0497899,,,4.171559558,0.0510963
2279.544,5.00138,,,,4.386842281,0.0500138,,,4.174917347,0.051452
2281.472,5.03208,,,,4.383135099,0.0503208,,,4.178282291,0.0519123
2283.401,5.07729,,,,4.379432259,0.0507729,,,4.181652664,0.0524419
2285.329,5.13126,,,,4.375737585,0.0513126,,,4.185026728,0.0530116
2287.258,5.18758,,,,4.372047229,0.0518758,,,4.188407994,0.0536212
2289.187,5.24852,,,,4.368363091,0.0524852,,,4.191792972,0.054215
2291.115,5.31247,,,,4.364687063,0.0531247,,,4.195185186,0.0547484
2293.043,5.37805,,,,4.361017216,0.0537805,,,4.198581131,0.0552911
2294.972,5.436,,,,4.357351637,0.05436,,,4.201984345,0.0559164
2296.901,5.48723,,,,4.353692214,0.0548723,,,4.205391312,0.0565117
2298.829,5.53071,,,,4.350040825,0.0553071,,,4.208805579,0.0570547
2300.758,5.56498,,,,4.346393667,0.0556498,,,4.212225394,0.0574537
2302.686,5.59133,,,,4.342754505,0.0559133,,,4.215648995,0.0577257
2304.615,5.60518,,,,4.339119549,0.0560518,,,4.219078165,0.0579867
2306.543,5.61161,,,,4.335492553,0.0561161,,,4.222514702,0.0581501
2308.472,5.60691,,,,4.331869739,0.0560691,,,4.225956841,0.0579859
2310.4,5.58674,,,,4.328254848,0.0558674,,,4.229402808,0.0576177
2312.329,5.55875,,,,4.324644114,0.0555875,,,4.232856192,0.0571495
2314.258,5.52099,,,,4.3210394,0.0552099,,,4.236313424,0.0564912
2316.186,5.47408,,,,4.317442554,0.0547408,,,4.239778107,0.0556632
2318.115,5.42618,,,,4.313849831,0.0542618,,,4.243246661,0.0547199
2320.043,5.36611,,,,4.310264939,0.0536611,,,4.246722698,0.0536253
2321.972,5.30063,,,,4.306684146,0.0530063,,,4.250202628,0.0524761
2323.9,5.23933,,,,4.303111149,0.0523933,,,4.253690076,0.0513446
2325.829,5.17886,,,,4.299542228,0.0517886,,,4.257183252,0.0504218
2327.757,5.12042,,,,4.295981067,0.0512042,,,4.260680354,0.0499878
2329.686,5.07186,,,,4.292423958,0.0507186,,,4.264185025,0.0498252
2331.615,5.03512,,,,4.288872734,0.0503512,,,4.267693644,0.0497389
2333.543,5.00779,,,,4.285329218,0.0500779,,,4.271209867,0.0496934
2335.472,4.98661,,,,4.28178972,0.0498661,,,4.274730061,0.0496957
2337.4,4.97311,,,,4.278257893,0.0497311,,,4.278257893,0.0497311
2339.329,4.96957,,,,4.274730061,0.0496957,,,4.28178972,0.0498661
2341.257,4.96934,,,,4.271209867,0.0496934,,,4.285329218,0.0500779
2343.186,4.97389,,,,4.267693644,0.0497389,,,4.288872734,0.0503512
2345.114,4.98252,,,,4.264185025,0.0498252,,,4.292423958,0.0507186
2347.043,4.99878,,,,4.260680354,0.0499878,,,4.295981067,0.0512042
2348.971,5.04218,,,,4.257183252,0.0504218,,,4.299542228,0.0517886
2350.9,5.13446,,,,4.253690076,0.0513446,,,4.303111149,0.0523933
2352.829,5.24761,,,,4.250202628,0.0524761,,,4.306684146,0.0530063
2354.757,5.36253,,,,4.246722698,0.0536253,,,4.310264939,0.0536611
2356.686,5.47199,,,,4.243246661,0.0547199,,,4.313849831,0.0542618
2358.614,5.56632,,,,4.239778107,0.0556632,,,4.317442554,0.0547408
2360.543,5.64912,,,,4.236313424,0.0564912,,,4.3210394,0.0552099
2362.471,5.71495,,,,4.232856192,0.0571495,,,4.324644114,0.0555875
2364.4,5.76177,,,,4.229402808,0.0576177,,,4.328254848,0.0558674
2366.328,5.79859,,,,4.225956841,0.0579859,,,4.331869739,0.0560691
2368.257,5.81501,,,,4.222514702,0.0581501,,,4.335492553,0.0561161
2370.186,5.79867,,,,4.219078165,0.0579867,,,4.339119549,0.0560518
2372.114,5.77257,,,,4.215648995,0.0577257,,,4.342754505,0.0559133
2374.042,5.74537,,,,4.212225394,0.0574537,,,4.346393667,0.0556498
2375.971,5.70547,,,,4.208805579,0.0570547,,,4.350040825,0.0553071
2377.9,5.65117,,,,4.205391312,0.0565117,,,4.353692214,0.0548723
2379.828,5.59164,,,,4.201984345,0.0559164,,,4.357351637,0.05436
2381.757,5.52911,,,,4.198581131,0.0552911,,,4.361017216,0.0537805
2383.685,5.47484,,,,4.195185186,0.0547484,,,4.364687063,0.0531247
2385.614,5.4215,,,,4.191792972,0.054215,,,4.368363091,0.0524852
2387.542,5.36212,,,,4.188407994,0.0536212,,,4.372047229,0.0518758
2389.471,5.30116,,,,4.185026728,0.0530116,,,4.375737585,0.0513126
2391.399,5.24419,,,,4.181652664,0.0524419,,,4.379432259,0.0507729
2393.328,5.19123,,,,4.178282291,0.0519123,,,4.383135099,0.0503208
2395.257,5.1452,,,,4.174917347,0.051452,,,4.386842281,0.0500138
2397.185,5.10963,,,,4.171559558,0.0510963,,,4.390557667,0.0497899
2399.114,5.0818,,,,4.168205429,0.050818,,,4.39427742,0.0497387
2401.042,5.05865,,,,4.164858424,0.0505865,,,4.398005417,0.0498204
2402.971,5.0467,,,,4.161515058,0.050467,,,4.401737806,0.0499736
2404.899,5.04155,,,,4.158178784,0.0504155,,,4.405478477,0.0502618
2406.828,5.05099,,,,4.154846129,0.0505099,,,4.409225511,0.0507347
2408.756,5.07838,,,,4.151520536,0.0507838,,,4.412976977,0.0512597
2410.685,5.10672,,,,4.148198541,0.0510672,,,4.416736782,0.0517932
2412.614,5.13517,,,,4.144881858,0.0513517,,,4.420501046,0.0524614
2414.542,5.17288,,,,4.141572191,0.0517288,,,4.424273689,0.0532001
2416.471,5.21849,,,,4.138266091,0.0521849,,,4.428050816,0.0538867
2418.399,5.2744,,,,4.134966976,0.052744,,,4.431836362,0.0545526
2420.328,5.33759,,,,4.13167141,0.0533759,,,4.435626419,0.0552055
2422.256,5.40113,,,,4.128382797,0.0540113,,,4.439424935,0.0557848
2424.185,5.45705,,,,4.125097713,0.0545705,,,4.443229962,0.0563361
2426.113,5.50938,,,,4.121819553,0.0550938,,,4.447039539,0.0567467
2428.042,5.55569,,,,4.118544902,0.0555569,,,4.450857636,0.0570702
2429.97,5.58548,,,,4.115277143,0.0558548,,,4.45468031,0.0573278
2431.899,5.61381,,,,4.112012876,0.0561381,,,4.458511544,0.0574279
2433.828,5.64179,,,,4.108753782,0.0564179,,,4.462347382,0.0574244
2435.756,5.65509,,,,4.105501536,0.0565509,,,4.466191821,0.0574231
2437.685,5.656,,,,4.102252752,0.05656,,,4.470040892,0.0573403
2439.613,5.64408,,,,4.099010786,0.0564408,,,4.473898604,0.0570936
2441.542,5.62072,,,,4.095772262,0.0562072,,,4.477760976,0.0567128
2443.47,5.58857,,,,4.092540526,0.0558857,,,4.481632031,0.0562168
2445.399,5.54846,,,,4.089312214,0.0554846,,,4.485509785,0.0556128
2447.327,5.4998,,,,4.086090661,0.054998,,,4.48939224,0.0548994
2449.256,5.44581,,,,4.082872513,0.0544581,,,4.49328344,0.0541819
2451.185,5.3928,,,,4.07965943,0.053928,,,4.497179369,0.0534996
2453.113,5.34426,,,,4.076453062,0.0534426,,,4.501084086,0.0528507
2455.042,5.3026,,,,4.073250071,0.053026,,,4.50499356,0.0522937
2456.97,5.25914,,,,4.070053765,0.0525914,,,4.508911864,0.0518289
2458.899,5.21491,,,,4.066860819,0.0521491,,,4.512834954,0.0513927
2460.827,5.18294,,,,4.063674529,0.0518294,,,4.516766916,0.0510639
2462.756,5.15787,,,,4.060491579,0.0515787,,,4.520705736,0.0508882
2464.684,5.13799,,,,4.057315258,0.0513799,,,4.524649385,0.0507732
2466.613,5.12723,,,,4.054142259,0.0512723,,,4.52859992,0.0507831
2468.542,5.12403,,,,4.050974219,0.0512403,,,4.532559414,0.0509874
2470.47,5.11797,,,,4.047812764,0.0511797,,,4.536525838,0.0512568
2472.398,5.12503,,,,4.044656241,0.0512503,,,4.540497148,0.0515861
2474.327,5.15353,,,,4.041503003,0.0515353,,,4.544477483,0.0520852
2476.256,5.19027,,,,4.038354677,0.0519027,,,4.548462733,0.0525997
2478.184,5.2304,,,,4.035212882,0.052304,,,4.552457052,0.0532177
2480.113,5.27605,,,,4.032074345,0.0527605,,,4.556456316,0.0539381
2482.041,5.32076,,,,4.02894231,0.0532076,,,4.560464693,0.0545882
2483.97,5.36495,,,,4.025813516,0.0536495,,,4.564478045,0.055223
2485.898,5.40822,,,,4.022691197,0.0540822,,,4.568500554,0.0558223
2487.827,5.44342,,,,4.0195721,0.0544342,,,4.572530159,0.0563958
2489.755,5.47655,,,,4.016459451,0.0547655,,,4.576564785,0.0568988
2491.684,5.50719,,,,4.013350007,0.0550719,,,4.580608635,0.0572745
2493.613,5.52196,,,,4.010245375,0.0552196,,,4.584657535,0.0576244
2495.541,5.53382,,,,4.007147148,0.0553382,,,4.588715706,0.0578775
2497.47,5.53974,,,,4.004052101,0.0553974,,,4.592778957,0.0579256
2499.398,5.52886,,,,4.000963432,0.0552886,,,4.596851524,0.0578912
2501.327,5.50963,,,,3.997877926,0.0550963,,,4.600929204,0.0577491
2503.255,5.48944,,,,3.994798772,0.0548944,,,4.605016244,0.0574508
2505.184,5.45906,,,,3.991722764,0.0545906,,,4.609110552,0.057005
2507.112,5.41512,,,,3.98865308,0.0541512,,,4.613210019,0.0564709
2509.041,5.36393,,,,3.985586525,0.0536393,,,4.617318917,0.0559148
2510.969,5.31488,,,,3.982526268,0.0531488,,,4.621433005,0.0552996
2512.898,5.26438,,,,3.979469123,0.0526438,,,4.62555657,0.0546354
2514.827,5.20774,,,,3.976416668,0.0520774,,,4.629685357,0.0539232
2516.755,5.15708,,,,3.973370471,0.0515708,,,4.633823669,0.0532648
2518.684,5.11032,,,,3.970327361,0.0511032,,,4.637967235,0.0525893
2520.612,5.06503,,,,3.967290483,0.0506503,,,4.642120372,0.0518804
2522.541,5.02117,,,,3.964256676,0.0502117,,,4.646278795,0.0513164
2524.469,4.98261,,,,3.961229074,0.0498261,,,4.650446838,0.0509001
2526.398,4.96471,,,,3.958204527,0.0496471,,,4.654622366,0.050607
2528.326,4.96346,,,,3.955186159,0.0496346,,,4.658803228,0.0504702
2530.255,4.96903,,,,3.952170829,0.0496903,,,4.662993782,0.050449
2532.184,4.9779,,,,3.949160093,0.049779,,,4.667189703,0.0505728
2534.112,5.00222,,,,3.946155497,0.0500222,,,4.671395364,0.0508444
2536.041,5.03767,,,,3.943153916,0.0503767,,,4.675606426,0.0512116
2537.969,5.07194,,,,3.94015845,0.0507194,,,4.679827277,0.0516455
2539.898,5.09776,,,,3.937165981,0.0509776,,,4.684053561,0.0521961
2541.826,5.11945,,,,3.934179602,0.0511945,,,4.688289684,0.0528065
2543.755,5.1348,,,,3.931196204,0.051348,,,4.692533475,0.0534895
2545.683,5.14824,,,,3.928218871,0.0514824,,,4.696782751,0.0542937
2547.612,5.17141,,,,3.925244503,0.0517141,,,4.701041939,0.0550503
2549.541,5.18945,,,,3.922274637,0.0518945,,,4.705306645,0.0556664
2551.469,5.20175,,,,3.919310797,0.0520175,,,4.709581314,0.0562641
2553.397,5.22007,,,,3.916351433,0.0522007,,,4.713861534,0.0568633
2555.326,5.23496,,,,3.913395003,0.0523496,,,4.718151768,0.057402
2557.255,5.23682,,,,3.910443034,0.0523682,,,4.722447588,0.0577993
2559.183,5.23361,,,,3.907497041,0.0523361,,,4.726753472,0.0580575
2561.112,5.22004,,,,3.904553959,0.0522004,,,4.731067215,0.0582355
2563.04,5.19533,,,,3.90161683,0.0519533,,,4.735386597,0.0583113
2564.969,5.16632,,,,3.898682596,0.0516632,,,4.739713873,0.0582558
2566.897,5.13048,,,,3.89575429,0.0513048,,,4.744051315,0.0580583
2568.826,5.09051,,,,3.892828864,0.0509051,,,4.748396704,0.0578107
2570.754,5.04671,,,,3.889909342,0.0504671,,,4.752747801,0.0574523
2572.683,5.00187,,,,3.886992684,0.0500187,,,4.757109143,0.05695
2574.612,4.95768,,,,3.884080397,0.0495768,,,4.761476229,0.0563446
2576.54,4.90874,,,,3.881173978,0.0490874,,,4.765853612,0.0557396
2578.469,4.85725,,,,3.8782704,0.0485725,,,4.770236775,0.0551295
2580.397,4.81307,,,,3.875372666,0.0481307,,,4.774630288,0.0545145
2582.326,4.78102,,,,3.872477758,0.0478102,,,4.779029618,0.0538815
2584.254,4.7523,,,,3.86958867,0.047523,,,4.78343935,0.0532325
2586.183,4.72613,,,,3.866702395,0.0472613,,,4.787857228,0.0526654
2588.111,4.70242,,,,3.863821915,0.0470242,,,4.792280977,0.0522334
2590.04,4.68814,,,,3.860944233,0.0468814,,,4.796715209,0.051834
2591.969,4.68129,,,,3.858070833,0.0468129,,,4.80115535,0.0515133
2593.897,4.67626,,,,3.855203194,0.0467626,,,4.805606028,0.0513611
2595.826,4.68021,,,,3.852338331,0.0468021,,,4.810062651,0.0512936
2597.754,4.6907,,,,3.849479204,0.046907,,,4.814529866,0.0513389
2599.683,4.70427,,,,3.846622838,0.0470427,,,4.819003064,0.051547
2601.611,4.71865,,,,3.843772186,0.0471865,,,4.823486908,0.0518149
2603.54,4.72992,,,,3.84092428,0.0472992,,,4.827979105,0.0521648
2605.468,4.73956,,,,3.838082064,0.0473956,,,4.832477341,0.0525847
2607.397,4.74452,,,,3.835242581,0.0474452,,,4.836986306,0.0530733
2609.325,4.73958,,,,3.832408765,0.0473958,,,4.84150135,0.0536232
2611.254,4.72818,,,,3.829577667,0.0472818,,,4.846027178,0.0541687
2613.183,4.71984,,,,3.826750748,0.0471984,,,4.850559124,0.0547091
2615.111,4.70976,,,,3.823929462,0.0470976,,,4.855101911,0.0552315
2617.04,4.69713,,,,3.821110873,0.0469713,,,4.859650854,0.0557326
2618.968,4.67362,,,,3.818297894,0.0467362,,,4.864210694,0.0561461
2620.897,4.64293,,,,3.815487598,0.0464293,,,4.86877673,0.0564855
2622.825,4.60775,,,,3.81268289,0.0460775,,,4.87335372,0.0567839
2624.754,4.57202,,,,3.80988085,0.0457202,,,4.877939324,0.0569945
2626.682,4.53422,,,,3.807084375,0.0453422,,,4.882531182,0.0570107
2628.611,4.48555,,,,3.804290555,0.0448555,,,4.887134082,0.05688
2630.54,4.43828,,,,3.801500833,0.0443828,,,4.891743275,0.0567224
2632.468,4.40096,,,,3.798716642,0.0440096,,,4.896363569,0.0564918
2634.396,4.37167,,,,3.795936526,0.0437167,,,4.900990196,0.056123
2636.325,4.34414,,,,3.793159038,0.0434414,,,4.905627982,0.0556701
2638.254,4.31747,,,,3.790385611,0.0431747,,,4.910272142,0.0551877
2640.182,4.30728,,,,3.787617672,0.0430728,,,4.91492752,0.0546097
2642.111,4.30362,,,,3.78485234,0.0430362,,,4.919589313,0.0539754
2644.039,4.30695,,,,3.782092473,0.0430695,,,4.924262382,0.0533415
2645.968,4.31343,,,,3.7793352,0.0431343,,,4.928941909,0.0526798
2647.896,4.31616,,,,3.77658337,0.0431616,,,4.933632772,0.0520469
2649.825,4.31318,,,,3.773834121,0.0431318,,,4.938332572,0.0514463
2651.753,4.31205,,,,3.771090294,0.0431205,,,4.943038891,0.0508159
2653.682,4.30966,,,,3.768349034,0.0430966,,,4.947756638,0.0502825
2655.611,4.3089,,,,3.765611756,0.043089,,,4.952480945,0.049964
2657.539,4.31241,,,,3.762879867,0.0431241,,,4.957216741,0.0499047
2659.468,4.32022,,,,3.760150526,0.0432022,,,4.96195914,0.0500424
2661.396,4.3391,,,,3.757426554,0.043391,,,4.966713089,0.0503325
2663.325,4.36043,,,,3.754705115,0.0436043,,,4.971473684,0.0507527
2665.253,4.37833,,,,3.751989023,0.0437833,,,4.97624589,0.0512357
2667.182,4.39669,,,,3.749275453,0.0439669,,,4.981024786,0.0516979
2669.11,4.417,,,,3.746567208,0.04417,,,4.985815355,0.0522169
2671.039,4.43454,,,,3.743861471,0.0443454,,,4.990615148,0.052801
2672.968,4.4544,,,,3.74115964,0.044544,,,4.995421696,0.0533996
2674.896,4.46943,,,,3.738463103,0.0446943,,,5.000240012,0.0540101
2676.825,4.47005,,,,3.735769055,0.0447005,,,5.005065126,0.0545865
2678.753,4.46856,,,,3.73308028,0.0446856,,,5.009902071,0.0550948
2680.682,4.47033,,,,3.730393982,0.0447033,,,5.01474586,0.0556295
2682.61,4.47192,,,,3.727712936,0.0447192,,,5.019601544,0.0561547
2684.539,4.46618,,,,3.725034354,0.0446618,,,5.024464116,0.056551
2686.467,4.46071,,,,3.722361004,0.0446071,,,5.029338647,0.0568511
2688.396,4.45773,,,,3.719690105,0.0445773,,,5.034222646,0.0570945
2690.324,4.45013,,,,3.717024418,0.0445013,,,5.0391136,0.0572394
2692.253,4.44707,,,,3.714361169,0.0444707,,,5.044016611,0.057335
2694.182,4.44684,,,,3.711701734,0.0444684,,,5.048926623,0.0574259
2696.11,4.44085,,,,3.70904748,0.0444085,,,5.053848759,0.0573457
2698.039,4.43297,,,,3.706395645,0.0443297,,,5.058777941,0.0571464
2699.967,4.42817,,,,3.703748972,0.0442817,,,5.063719312,0.056956
2701.896,4.42913,,,,3.701104706,0.0442913,,,5.068667777,0.056662
2703.824,4.43251,,,,3.698465581,0.0443251,,,5.073628497,0.0563182
2705.753,4.43121,,,,3.695828851,0.0443121,,,5.078598936,0.0559845
2707.681,4.42462,,,,3.693197241,0.0442462,,,5.08357654,0.0555623
2709.61,4.42436,,,,3.690568015,0.0442436,,,5.0885665,0.0550217
2711.539,4.4345,,,,3.68794253,0.044345,,,5.093563671,0.0545002
2713.467,4.44393,,,,3.685322136,0.0444393,,,5.098573266,0.0540639
2715.396,4.44555,,,,3.682704107,0.0444555,,,5.10359012,0.0537554
2717.324,4.44327,,,,3.680091148,0.0444327,,,5.108619467,0.0534448
2719.253,4.44059,,,,3.677480543,0.0444059,,,5.113656121,0.053139
2721.181,4.43883,,,,3.67487499,0.0443883,,,5.118705336,0.0529175
2723.11,4.43426,,,,3.672271777,0.0443426,,,5.123761907,0.0528176
2725.038,4.43067,,,,3.669673597,0.0443067,,,5.128831109,0.0527795
2726.967,4.42443,,,,3.667077746,0.0442443,,,5.133910351,0.0527818
2728.896,4.41735,,,,3.664485565,0.0441735,,,5.138997022,0.0528848
2730.824,4.40774,,,,3.661898387,0.0440774,,,5.144096429,0.0530881
2732.752,4.39272,,,,3.659314859,0.0439272,,,5.149203315,0.0533311
2734.681,4.37497,,,,3.656733637,0.0437497,,,5.154323008,0.053529
2736.61,4.36178,,,,3.654156054,0.0436178,,,5.15945023,0.0537833
2738.538,4.35421,,,,3.651583436,0.0435421,,,5.164590329,0.0541338
2740.467,4.34164,,,,3.649013106,0.0434164,,,5.169738008,0.0544953
2742.395,4.33247,,,,3.646447722,0.0433247,,,5.174898637,0.0548338
2744.324,4.3296,,,,3.643884614,0.043296,,,5.180066895,0.0551557
2746.252,4.33045,,,,3.641326433,0.0433045,,,5.185248176,0.0554899
2748.181,4.33323,,,,3.638770518,0.0433323,,,5.190437139,0.0557567
2750.109,4.34001,,,,3.63621951,0.0434001,,,5.195639196,0.0559912
2752.038,4.35115,,,,3.633670756,0.0435115,,,5.200851691,0.0561874
2753.967,4.36645,,,,3.631125573,0.0436645,,,5.206071946,0.0562803
2755.895,4.37471,,,,3.628585269,0.0437471,,,5.211305406,0.0564524
2757.824,4.37619,,,,3.626047202,0.0437619,,,5.216546677,0.0563795
2759.752,4.38324,,,,3.623513997,0.0438324,,,5.221801229,0.0561341
2761.681,4.39015,,,,3.620983017,0.0439015,,,5.227063645,0.0559783
2763.609,4.38906,,,,3.61845688,0.0438906,,,5.232339416,0.0557548
2765.538,4.38738,,,,3.615932958,0.0438738,,,5.237623104,0.0555146
2767.466,4.38005,,,,3.613413859,0.0438005,,,5.242920223,0.0551607
2769.395,4.36296,,,,3.610896965,0.0436296,,,5.248228067,0.0547193
2771.323,4.33351,,,,3.608384876,0.0433351,,,5.253543909,0.0543198
2773.252,4.29634,,,,3.60587498,0.0429634,,,5.258873297,0.0539342
2775.181,4.26103,,,,3.603368573,0.0426103,,,5.264210737,0.0535657
2777.109,4.22681,,,,3.600866945,0.0422681,,,5.269561799,0.0532639
2779.038,4.18409,,,,3.598367493,0.0418409,,,5.274920968,0.0530546
2780.966,4.12933,,,,3.595872801,0.0412933,,,5.280293838,0.0529159
2782.895,4.07558,,,,3.593380275,0.0407558,,,5.28567487,0.0529538
2784.823,4.03908,,,,3.590892491,0.0403908,,,5.29106968,0.0531665
2786.752,4.00334,,,,3.588406862,0.0400334,,,5.296475513,0.053296
2788.68,3.96339,,,,3.585925958,0.0396339,,,5.301889593,0.0533864
2790.609,3.93668,,,,3.583447197,0.0393668,,,5.30731757,0.0535338
2792.538,3.92097,,,,3.580971861,0.0392097,,,5.31275385,0.0537053
2794.466,3.89839,,,,3.578501223,0.0389839,,,5.318204106,0.0538928
2796.395,3.88062,,,,3.576032714,0.0388062,,,5.323662723,0.0541059
2798.323,3.87526,,,,3.573568884,0.0387526,,,5.329135396,0.0543522
2800.252,3.86289,,,,3.571107172,0.0386289,,,5.334616486,0.054629
2802.18,3.83791,,,,3.568650122,0.0383791,,,5.340111715,0.0549606
2804.109,3.80996,,,,3.56619518,0.0380996,,,5.345615419,0.0554057
2806.037,3.7813,,,,3.563744883,0.037813,,,5.351133343,0.0557759
2807.966,3.74518,,,,3.561296682,0.0374518,,,5.356662671,0.0558864
2809.895,3.71798,,,,3.558851843,0.0371798,,,5.362200561,0.0559512
2811.823,3.7041,,,,3.556411623,0.037041,,,5.367752796,0.0560932
2813.751,3.69217,,,,3.553974748,0.0369217,,,5.373313653,0.0562199
2815.68,3.6875,,,,3.551539948,0.036875,,,5.378888937,0.0562863
2817.609,3.69802,,,,3.549108482,0.0369802,,,5.384472903,0.0563014
2819.537,3.71005,,,,3.546681601,0.0371005,,,5.390071381,0.0562687
2821.466,3.72515,,,,3.54425678,0.0372515,,,5.395678601,0.0562103
2823.394,3.74988,,,,3.541836527,0.0374988,,,5.401300417,0.0561377
2825.323,3.77088,,,,3.539418325,0.0377088,,,5.406931037,0.0560911
2827.251,3.78607,,,,3.537004673,0.0378607,,,5.412576338,0.0560445
2829.18,3.81668,,,,3.534593062,0.0381668,,,5.418233439,0.0561308
2831.108,3.86899,,,,3.532185985,0.0386899,,,5.423899437,0.0560313
2833.037,3.92807,,,,3.529780938,0.0392807,,,5.429580245,0.0554632
2834.966,3.99645,,,,3.527379164,0.0399645,,,5.435270011,0.0550945
2836.894,4.08478,,,,3.524981899,0.0408478,,,5.440974674,0.0549158
2838.823,4.19702,,,,3.522586649,0.0419702,,,5.446688359,0.0547683
2840.751,4.33737,,,,3.520195892,0.0433737,,,5.452417029,0.0546498
2842.68,4.52697,,,,3.51780714,0.0452697,,,5.458154783,0.0546488
2844.608,4.75083,,,,3.515422863,0.0475083,,,5.463907612,0.0547413
2846.537,4.87648,,,,3.513040582,0.0487648,,,5.469669588,0.0546264
2848.465,4.61123,,,,3.51066276,0.0461123,,,5.475446728,0.0545585
2850.394,3.91503,,,,3.508286925,0.0391503,,,5.481236085,0.0545098
2852.323,3.23895,,,,3.505914302,0.0323895,,,5.487034686,0.0542855
2854.251,2.86014,,,,3.503546114,0.0286014,,,5.492848586,0.0542798
2856.18,2.71426,,,,3.501179898,0.0271426,,,5.498671796,0.0544877
2858.108,2.69594,,,,3.498818099,0.0269594,,,5.504510396,0.0547025
2860.037,2.74078,,,,3.496458263,0.0274078,,,5.510358372,0.0549125
2861.965,2.81565,,,,3.494102828,0.0281565,,,5.516221829,0.0552619
2863.894,2.90226,,,,3.491749345,0.0290226,,,5.522094729,0.0555743
2865.822,2.98395,,,,3.489400249,0.0298395,,,5.527983204,0.0557611
2867.751,3.05617,,,,3.487053095,0.0305617,,,5.53388425,0.0558565
2869.679,3.12441,,,,3.484710311,0.0312441,,,5.539794839,0.0559851
2871.608,3.18763,,,,3.48236946,0.0318763,,,5.545721143,0.0561817
2873.537,3.24945,,,,3.480031752,0.0324945,,,5.551657059,0.0563866
2875.465,3.30552,,,,3.47769839,0.0330552,,,5.557608783,0.0563268
2877.394,3.36307,,,,3.475366947,0.0336307,,,5.563570187,0.056163
2879.322,3.41963,,,,3.473039834,0.0341963,,,5.569547497,0.0561293
2881.251,3.4647,,,,3.470714631,0.034647,,,5.575534554,0.056344
2883.179,3.51267,,,,3.468393742,0.0351267,,,5.581537613,0.0562024
2885.108,3.5616,,,,3.466074754,0.035616,,,5.587550491,0.0555887
2887.036,3.61322,,,,3.463760064,0.0361322,,,5.593579466,0.0552274
2888.965,3.6645,,,,3.461447266,0.036645,,,5.599621466,0.0551476
2890.894,3.7032,,,,3.459137554,0.037032,,,5.60567339,0.0548678
2892.822,3.73781,,,,3.456832118,0.0373781,,,5.611741559,0.0545654
2894.75,3.77724,,,,3.454529752,0.0377724,,,5.617819724,0.0543689
2896.679,3.82029,,,,3.45222926,0.0382029,,,5.623914233,0.0541601
2898.608,3.86685,,,,3.449931829,0.0386685,,,5.63001881,0.0541066
2900.536,3.92198,,,,3.447638643,0.0392198,,,5.63613983,0.0543879
2902.465,3.99386,,,,3.445347317,0.0399386,,,5.642270992,0.0546878
2904.393,4.09056,,,,3.443060219,0.0409056,,,5.648418697,0.0543829
2906.322,4.20909,,,,3.440774973,0.0420909,,,5.654576616,0.0541484
2908.25,4.36696,,,,3.43849394,0.0436696,,,5.660751182,0.0540089
2910.179,4.58646,,,,3.436214748,0.0458646,,,5.666939246,0.0540022
2912.107,4.84786,,,,3.433939756,0.0484786,,,5.673137637,0.0544256
2914.036,5.08906,,,,3.431666596,0.0508906,,,5.679352826,0.0547082
2915.965,5.11494,,,,3.429396443,0.0511494,,,5.685578417,0.0548749
2917.893,4.73767,,,,3.427130467,0.0473767,,,5.69182091,0.0552099
2919.822,4.06743,,,,3.42486631,0.0406743,,,5.69807388,0.0553376
2921.75,3.37062,,,,3.422606315,0.0337062,,,5.704343858,0.0556788
2923.679,2.79029,,,,3.42034813,0.0279029,,,5.710624388,0.0562569
2925.607,2.35325,,,,3.418094091,0.0235325,,,5.716922032,0.0564035
2927.536,2.0523,,,,3.415841855,0.020523,,,5.723230306,0.0563551
2929.464,1.85411,,,,3.41359375,0.0185411,,,5.729555799,0.0563053
2931.393,1.73109,,,,3.411347438,0.0173109,,,5.73589529,0.0563847
2933.322,1.67567,,,,3.409104081,0.0167567,,,5.742245528,0.0566072
2935.25,1.67155,,,,3.406864833,0.0167155,,,5.748613147,0.05679
2937.179,1.69407,,,,3.404627365,0.0169407,,,5.754991592,0.0565701
2939.107,1.73862,,,,3.402393992,0.0173862,,,5.761387526,0.0571046
2941.036,1.79304,,,,3.400162392,0.0179304,,,5.767794367,0.0575168
2942.964,1.85701,,,,3.397934871,0.0185701,,,5.774218806,0.0565944
2944.893,1.92801,,,,3.395709114,0.0192801,,,5.780654231,0.0558123
2946.821,1.99285,,,,3.393487423,0.0199285,,,5.787107366,0.055197
2948.75,2.04923,,,,3.391267486,0.0204923,,,5.793571569,0.0546902
2950.678,2.09545,,,,3.389051601,0.0209545,,,5.800053592,0.0543466
2952.607,2.13289,,,,3.386837463,0.0213289,,,5.806550137,0.0539338
2954.536,2.16572,,,,3.384626215,0.0216572,,,5.813057872,0.0538422
2956.464,2.19788,,,,3.382418998,0.0219788,,,5.819583597,0.0541097
2958.393,2.22562,,,,3.380213515,0.0222562,,,5.826120596,0.0537125
2960.321,2.24596,,,,3.378012047,0.0224596,,,5.832675699,0.0528623
2962.25,2.25752,,,,3.375812305,0.0225752,,,5.83924216,0.0522643
2964.178,2.26112,,,,3.373616564,0.0226112,,,5.84582684,0.0520181
2966.107,2.26284,,,,3.371422541,0.0226284,,,5.852422962,0.0521148
2968.035,2.2705,,,,3.369232506,0.022705,,,5.859037419,0.052507
2969.964,2.29046,,,,3.36704418,0.0229046,,,5.865666844,0.0527932
2971.893,2.32121,,,,3.364858694,0.0232121,,,5.87230784,0.0531557
2973.821,2.36114,,,,3.362677175,0.0236114,,,5.878967348,0.054393
2975.75,2.40087,,,,3.360497354,0.0240087,,,5.885638512,0.0546959
2977.678,2.45355,,,,3.358321484,0.0245355,,,5.892328306,0.0548101
2979.607,2.51298,,,,3.356147304,0.0251298,,,5.899029846,0.0552108
2981.535,2.55825,,,,3.353977062,0.0255825,,,5.905750134,0.0550191
2983.464,2.59454,,,,3.351808502,0.0259454,,,5.912482255,0.0553567
2985.392,2.63497,,,,3.349643866,0.0263497,,,5.919233246,0.0559611
2987.321,2.6796,,,,3.347480903,0.026796,,,5.925999672,0.0566737
2989.25,2.7225,,,,3.345320733,0.027225,,,5.932778065,0.0580347
2991.178,2.77448,,,,3.343164466,0.0277448,,,5.93957551,0.0587368
2993.106,2.84421,,,,3.341010977,0.0284421,,,5.946385014,0.0580411
2995.035,2.92148,,,,3.338859145,0.0292148,,,5.953213694,0.0577196
2996.964,2.99797,,,,3.336710084,0.0299797,,,5.960054523,0.0577761
2998.892,3.05849,,,,3.334564899,0.0305849,,,5.966914652,0.0581828
3000.821,3.10995,,,,3.332421361,0.0310995,,,5.973787023,0.0578874
3002.749,3.15552,,,,3.330281685,0.0315552,,,5.980678819,0.0574762
3004.678,3.19016,,,,3.328143648,0.0319016,,,5.98758295,0.0574058
3006.606,3.21198,,,,3.326009461,0.0321198,,,5.994506634,0.0566238
3008.535,3.2162,,,,3.323876904,0.032162,,,6.001442747,0.055587
3010.463,3.21436,,,,3.321748183,0.0321436,,,6.008398539,0.0551127
3012.392,3.22295,,,,3.319621085,0.0322295,,,6.015370475,0.0546236
3014.321,3.23479,,,,3.31749671,0.0323479,,,6.022354982,0.0536581
3016.249,3.24688,,,,3.315376151,0.0324688,,,6.029359362,0.0528184
3018.178,3.27247,,,,3.313257204,0.0327247,,,6.036376412,0.0525224
3020.106,3.30526,,,,3.311142059,0.0330526,,,6.043413465,0.0532416
3022.035,3.34121,,,,3.309028519,0.0334121,,,6.050463284,0.0533513
3023.963,3.38417,,,,3.306918769,0.0338417,,,6.057533239,0.0515419
3025.892,3.43396,,,,3.304810615,0.0343396,,,6.064616058,0.0508011
3027.82,3.49048,,,,3.302706237,0.0349048,,,6.071719147,0.050886
3029.749,3.54908,,,,3.300603449,0.0354908,,,6.078835198,0.0503905
3031.677,3.60011,,,,3.298504425,0.0360011,,,6.085971653,0.0498464
3033.606,3.64837,,,,3.296406982,0.0364837,,,6.093124883,0.0498416
3035.535,3.6945,,,,3.294312205,0.036945,,,6.100291228,0.0501578
3037.463,3.73956,,,,3.292221173,0.0373956,,,6.10747818,0.0510543
3039.392,3.77237,,,,3.290131711,0.0377237,,,6.114678347,0.0519971
3041.32,3.78797,,,,3.28804598,0.0378797,,,6.121899258,0.0519538
3043.249,3.80796,,,,3.285961813,0.0380796,,,6.129133488,0.0521113
3045.177,3.82787,,,,3.283881364,0.0382787,,,6.1363886,0.0528965
3047.106,3.83391,,,,3.281802471,0.0383391,,,6.143657135,0.0537881
3049.034,3.82659,,,,3.279727284,0.0382659,,,6.150946692,0.0545775
3050.963,3.81754,,,,3.277653646,0.0381754,,,6.158253569,0.0554887
3052.892,3.81659,,,,3.275582628,0.0381659,,,6.165574024,0.0559779
3054.82,3.82856,,,,3.273515297,0.0382856,,,6.172915715,0.0563198
3056.749,3.84666,,,,3.271449504,0.0384666,,,6.180271091,0.0572655
3058.677,3.85978,,,,3.269387385,0.0385978,,,6.187647846,0.0578655
3060.606,3.86826,,,,3.267326797,0.0386826,,,6.195038394,0.0574783
3062.534,3.88601,,,,3.265269871,0.0388601,,,6.202450464,0.0572477
3064.463,3.9192,,,,3.263214469,0.039192,,,6.209876436,0.0571139
3066.391,3.95983,,,,3.261162715,0.0395983,,,6.217324076,0.056812
3068.32,3.99742,,,,3.259112478,0.0399742,,,6.224789602,0.056268
3070.249,4.03703,,,,3.257064818,0.0403703,,,6.232269194,0.0556598
3072.177,4.08494,,,,3.255020788,0.0408494,,,6.239770676,0.0549808
3074.105,4.13376,,,,3.252979322,0.0413376,,,6.247286335,0.0541774
3076.034,4.17696,,,,3.250939359,0.0417696,,,6.254824033,0.0533226
3077.963,4.21776,,,,3.248901952,0.0421776,,,6.262376021,0.052521
3079.891,4.2503,,,,3.246868152,0.042503,,,6.269950198,0.0516934
3081.82,4.27722,,,,3.244835844,0.0427722,,,6.277538778,0.0508653
3083.748,4.30136,,,,3.24280713,0.0430136,,,6.2851497,0.0500317
3085.677,4.32551,,,,3.2407799,0.0432551,,,6.292775139,0.0492414
3087.605,4.3501,,,,3.238756253,0.043501,,,6.300423073,0.0485772
3089.534,4.36756,,,,3.236734084,0.0436756,,,6.30808962,0.0480626
3091.462,4.38064,,,,3.234715484,0.0438064,,,6.315770859,0.0476563
3093.391,4.38884,,,,3.232698356,0.0438884,,,6.323474825,0.0473944
3095.32,4.39947,,,,3.230683742,0.0439947,,,6.331193601,0.0473514
3097.248,4.41353,,,,3.22867268,0.0441353,,,6.338935262,0.0479382
3099.177,4.42126,,,,3.226663079,0.0442126,,,6.34669185,0.0484298
3101.105,4.42538,,,,3.224657017,0.0442538,,,6.354471483,0.0482683
3103.034,4.42433,,,,3.222652411,0.0442433,,,6.362266163,0.0488447
3104.962,4.4234,,,,3.220651332,0.044234,,,6.370084047,0.0500396
3106.891,4.42881,,,,3.2186517,0.0442881,,,6.3779171,0.0508112
3108.819,4.43301,,,,3.216655585,0.0443301,,,6.385773518,0.0516164
3110.748,4.44197,,,,3.214660911,0.0444197,,,6.393649316,0.0526636
3112.677,4.46327,,,,3.212668709,0.0446327,,,6.401540467,0.0540957
3114.605,4.48911,,,,3.210680006,0.0448911,,,6.409455228,0.0564671
3116.534,4.51721,,,,3.208692734,0.0451721,,,6.417385467,0.0577562
3118.462,4.55514,,,,3.206708948,0.0455514,,,6.425339483,0.0573777
3120.391,4.59527,,,,3.204726587,0.0459527,,,6.433309101,0.0574439
3122.319,4.62253,,,,3.202747701,0.0462253,,,6.441302663,0.0574697
3124.248,4.65142,,,,3.200770233,0.0465142,,,6.449311955,0.0574683
3126.176,4.69445,,,,3.198796229,0.0469445,,,6.457345359,0.0573576
3128.105,4.7434,,,,3.196823636,0.047434,,,6.465394622,0.0571641
3130.033,4.77922,,,,3.194854495,0.0477922,,,6.473468167,0.0569645
3131.962,4.80777,,,,3.192886759,0.0480777,,,6.481561901,0.0566777
3133.891,4.83477,,,,3.190921446,0.0483477,,,6.489671688,0.0564195
3135.819,4.85391,,,,3.188959567,0.0485391,,,6.497806016,0.0549363
3137.748,4.86412,,,,3.186999083,0.0486412,,,6.505956528,0.0528421
3139.676,4.867,,,,3.185042023,0.04867,,,6.514131757,0.0518134
3141.605,4.86853,,,,3.183086352,0.0486853,,,6.522323304,0.050946
3143.533,4.85794,,,,3.181134093,0.0485794,,,6.530539743,0.0495695
3145.462,4.83448,,,,3.179183217,0.0483448,,,6.538772633,0.0484993
3147.39,4.81806,,,,3.177235741,0.0481806,,,6.547030594,0.0477734
3149.319,4.80498,,,,3.175289642,0.0480498,,,6.55530944,0.0470227
3151.248,4.78532,,,,3.173345925,0.0478532,,,6.563604942,0.0465009
3153.176,4.75238,,,,3.171405592,0.0475238,,,6.571925785,0.0463355
3155.104,4.72331,,,,3.169467631,0.0472331,,,6.580263421,0.0456808
3157.033,4.70867,,,,3.167531033,0.0470867,,,6.588626581,0.0453057
3158.962,4.69766,,,,3.1655968,0.0469766,,,6.597006674,0.0452982
3160.89,4.68758,,,,3.16366593,0.0468758,,,6.605412475,0.0453883
3162.819,4.67951,,,,3.161736413,0.0467951,,,6.61383535,0.0459152
3164.747,4.67815,,,,3.159810247,0.0467815,,,6.622284119,0.0468362
3166.676,4.67561,,,,3.157885429,0.0467561,,,6.630750104,0.048409
3168.604,4.67811,,,,3.155963951,0.0467811,,,6.63924217,0.0496486
3170.533,4.69028,,,,3.154043815,0.0469028,,,6.647756017,0.0496262
3172.461,4.70697,,,,3.152127008,0.0470697,,,6.656287296,0.04978
3174.39,4.72982,,,,3.150211537,0.0472982,,,6.664844942,0.0504736
3176.319,4.76125,,,,3.148298392,0.0476125,,,6.673420168,0.0510921
3178.247,4.79092,,,,3.146388559,0.0479092,,,6.682021953,0.0513001
3180.176,4.81692,,,,3.144480054,0.0481692,,,6.690641465,0.0505471
3182.104,4.85075,,,,3.14257485,0.0485075,,,6.699287732,0.0496431
3184.033,4.88192,,,,3.140670967,0.0488192,,,6.707951874,0.0485942
3185.961,4.90557,,,,3.138770374,0.0490557,,,6.716642968,0.0465858
3187.89,4.93333,,,,3.136871097,0.0493333,,,6.725352089,0.0437057
3189.818,4.95628,,,,3.134975099,0.0495628,,,6.734088359,0.0404269
3191.747,4.97072,,,,3.13308041,0.0497072,,,6.742847356,0.0369201
3193.676,4.98419,,,,3.13118801,0.0498419,,,6.75162461,0.033518
3195.604,4.99855,,,,3.129298874,0.0499855,,,6.760429314,0.0306976
3197.532,5.00851,,,,3.127412017,0.0500851,,,6.769252431,0.0286116
3199.461,5.01258,,,,3.125526456,0.0501258,,,6.778103202,0.0270874
3201.39,5.00319,,,,3.123643167,0.0500319,,,6.786972542,0.0280947
3203.318,4.9835,,,,3.121763122,0.049835,,,6.795869742,0.030122
3205.247,4.96837,,,,3.119884365,0.0496837,,,6.80478567,0.030112
3207.175,4.95509,,,,3.11800884,0.0495509,,,6.813729665,0.0299552
3209.104,4.93872,,,,3.116134597,0.0493872,,,6.822692548,0.0304808
3211.032,4.91546,,,,3.114263576,0.0491546,,,6.831683709,0.0317419
3212.961,4.89049,,,,3.112393832,0.0489049,,,6.8406986,0.0332774
3214.889,4.87315,,,,3.1105273,0.0487315,,,6.849732621,0.0340827
3216.818,4.86065,,,,3.108662038,0.0486065,,,6.858795239,0.034533
3218.747,4.84629,,,,3.106799012,0.0484629,,,6.867877153,0.0346703
3220.675,4.83179,,,,3.104939182,0.0483179,,,6.876987879,0.0344682
3222.604,4.82638,,,,3.103080614,0.0482638,,,6.886118068,0.034845
3224.532,4.8176,,,,3.101225232,0.048176,,,6.895277287,0.0353944
3226.461,4.81649,,,,3.099371107,0.0481649,,,6.904456136,0.0358188
3228.389,4.8331,,,,3.097520156,0.048331,,,6.913664235,0.0359032
3230.318,4.85524,,,,3.095670457,0.0485524,,,6.922896928,0.0357308
3232.246,4.86891,,,,3.093823923,0.0486891,,,6.932149507,0.0354733
3234.175,4.88777,,,,3.091978634,0.0488777,,,6.94143167,0.0352561
3236.104,4.91224,,,,3.090135546,0.0491224,,,6.950733893,0.0352928
3238.032,4.93363,,,,3.088295607,0.0493363,,,6.960065926,0.0355038
3239.961,4.95936,,,,3.086456905,0.0495936,,,6.969418193,0.0354623
3241.889,4.98665,,,,3.084621343,0.0498665,,,6.978800498,0.0358804
3243.818,5.01643,,,,3.082787012,0.0501643,,,6.988203214,0.0369219
3245.746,5.045,,,,3.080955811,0.05045,,,6.997636198,0.0382451
3247.675,5.07253,,,,3.079125836,0.0507253,,,7.007094683,0.0397024
3249.603,5.09948,,,,3.077298981,0.0509948,,,7.016573849,0.041448
3251.532,5.1134,,,,3.075473346,0.051134,,,7.026083633,0.0433339
3253.46,5.12227,,,,3.073650821,0.0512227,,,7.035614279,0.0454622
3255.389,5.13244,,,,3.071829511,0.0513244,,,7.045175781,0.0479591
3257.318,5.1378,,,,3.070010358,0.051378,,,7.054758329,0.0498502
3259.246,5.13028,,,,3.0681943,0.0513028,,,7.06437197,0.0514083
3261.175,5.11456,,,,3.066379449,0.0511456,,,7.074006845,0.0531069
3263.103,5.09646,,,,3.064567683,0.0509646,,,7.083673054,0.0546643
3265.032,5.07909,,,,3.062757118,0.0507909,,,7.093360685,0.0559711
3266.96,5.0681,,,,3.060949629,0.050681,,,7.103079895,0.0570018
3268.889,5.0558,,,,3.059143336,0.050558,,,7.112825776,0.0577735
3270.817,5.03286,,,,3.057340108,0.0503286,,,7.122593365,0.0579452
3272.746,5.00653,,,,3.055538071,0.0500653,,,7.132392904,0.0576765
3274.675,4.98182,,,,3.053738157,0.0498182,,,7.142214344,0.0572805
3276.603,4.96219,,,,3.051941294,0.0496219,,,7.152067985,0.0564247
3278.531,4.94388,,,,3.050146544,0.0494388,,,7.161943723,0.0551635
3280.46,4.92383,,,,3.048352975,0.0492383,,,7.171851916,0.05346
3282.389,4.91443,,,,3.046561514,0.0491443,,,7.181782403,0.0511721
3284.317,4.91431,,,,3.044773084,0.0491431,,,7.191745602,0.0488846
3286.246,4.91096,,,,3.042985826,0.0491096,,,7.201731296,0.0465624
3288.174,4.90866,,,,3.041201591,0.0490866,,,7.21174996,0.0436305
3290.103,4.90908,,,,3.039418523,0.0490908,,,7.221791322,0.0400546
3292.031,4.91629,,,,3.037638467,0.0491629,,,7.231865915,0.0362422
3293.96,4.9328,,,,3.035859573,0.049328,,,7.241968657,0.0329058
3295.888,4.95082,,,,3.034083682,0.0495082,,,7.252094405,0.0311812
3297.817,4.96688,,,,3.032308949,0.0496688,,,7.262253782,0.0310744
3299.746,4.99037,,,,3.03053629,0.0499037,,,7.272436375,0.0318934
3301.674,5.01851,,,,3.02876662,0.0501851,,,7.282652867,0.032913
3303.603,5.04645,,,,3.026998099,0.0504645,,,7.292892784,0.0336326
3305.531,5.06721,,,,3.025232557,0.0506721,,,7.303166872,0.0341919
3307.46,5.09102,,,,3.02346816,0.0509102,,,7.3134646,0.0347705
3309.388,5.11427,,,,3.021706732,0.0511427,,,7.323796773,0.0355862
3311.317,5.11933,,,,3.019946444,0.0511933,,,7.334158182,0.0365957
3313.245,5.12681,,,,3.018189117,0.0512681,,,7.344543555,0.03748
3315.174,5.13367,,,,3.016432923,0.0513367,,,7.354963792,0.0383167
3317.103,5.1334,,,,3.014678772,0.051334,,,7.365408213,0.0393441
3319.031,5.13011,,,,3.012927568,0.0513011,,,7.37588778,0.040609
3320.96,5.12402,,,,3.011177491,0.0512402,,,7.386391755,0.0419705
3322.888,5.11306,,,,3.009430351,0.0511306,,,7.396931161,0.0434215
3324.817,5.1018,,,,3.007684333,0.051018,,,7.4074952,0.0451296
3326.745,5.0891,,,,3.005941243,0.050891,,,7.418094959,0.0470249
3328.674,5.07836,,,,3.00419927,0.0507836,,,7.428725097,0.0489736
3330.602,5.06623,,,,3.002460216,0.0506623,,,7.43938021,0.0508234
3332.531,5.03632,,,,3.000722274,0.0503632,,,7.450071483,0.0524159
3334.459,5.009,,,,2.998987242,0.05009,,,7.460787964,0.0537653
3336.388,4.9968,,,,2.997253317,0.049968,,,7.471540901,0.0548136
3338.317,4.98111,,,,2.995521396,0.0498111,,,7.48231928,0.0554937
3340.245,4.95572,,,,2.993792372,0.0495572,,,7.493134416,0.0557728
3342.174,4.93318,,,,2.992064447,0.0493318,,,7.503975231,0.0555717
3344.102,4.91861,,,,2.99033941,0.0491861,,,7.514853107,0.0548721
3346.031,4.91113,,,,2.988615467,0.0491113,,,7.525756903,0.0538528
3347.959,4.90789,,,,2.986894403,0.0490789,,,7.536698067,0.0525992
3349.888,4.91096,,,,2.98517443,0.0491096,,,7.547671091,0.0511777
3351.816,4.91593,,,,2.983457326,0.0491593,,,7.5586704,0.0495812
3353.745,4.92333,,,,2.981741307,0.0492333,,,7.569707544,0.0478687
3355.674,4.93371,,,,2.980027261,0.0493371,,,7.580771222,0.0460855
3357.602,4.94464,,,,2.978316072,0.0494464,,,7.591873052,0.0444055
3359.531,4.95743,,,,2.976605961,0.0495743,,,7.603001665,0.042999
3361.459,4.96924,,,,2.974898697,0.0496924,,,7.61416875,0.0417824
3363.388,4.98285,,,,2.973192507,0.0498285,,,7.625362872,0.0407081
3365.316,4.99597,,,,2.971489156,0.0499597,,,7.636595789,0.039889
3367.245,5.01585,,,,2.969786873,0.0501585,,,7.647856,0.0392735
3369.173,5.03574,,,,2.968087421,0.0503574,,,7.659155333,0.0388299
3371.102,5.05577,,,,2.966389032,0.0505577,,,7.670488104,0.0388522
3373.031,5.07806,,,,2.964692587,0.0507806,,,7.68184856,0.0393325
3374.959,5.0935,,,,2.962998958,0.050935,,,7.693248636,0.0400846
3376.887,5.09939,,,,2.961307263,0.0509939,,,7.704676662,0.041038
3378.816,5.10306,,,,2.959616623,0.0510306,,,7.716144644,0.0421538
3380.745,5.10577,,,,2.957927912,0.0510577,,,7.727640844,0.0435584
3382.673,5.10663,,,,2.956242002,0.0510663,,,7.739177341,0.0451672
3384.602,5.10803,,,,2.954557138,0.0510803,,,7.750742327,0.0468456
3386.53,5.09334,,,,2.952875067,0.0509334,,,7.762347955,0.0484909
3388.459,5.07899,,,,2.951194038,0.0507899,,,7.773982347,0.0500421
3390.387,5.0723,,,,2.949515793,0.050723,,,7.785657728,0.0515334
3392.316,5.06073,,,,2.947838586,0.0506073,,,7.797368232,0.0529867
3394.244,5.04818,,,,2.946164153,0.0504818,,,7.809107919,0.0542773
3396.173,5.03752,,,,2.944490755,0.0503752,,,7.820889126,0.0552773
3398.102,5.02971,,,,2.942819256,0.0502971,,,7.832699798,0.055961
3400.03,5.01647,,,,2.941150519,0.0501647,,,7.844552351,0.0564111
3401.959,4.99804,,,,2.93948281,0.0499804,,,7.856434656,0.056652
3403.887,4.97973,,,,2.937817854,0.0497973,,,7.868359203,0.0567235
3405.816,4.97069,,,,2.93615392,0.0497069,,,7.880313794,0.0565842
3407.744,4.96183,,,,2.934492732,0.0496183,,,7.892310995,0.0562926
3409.673,4.95331,,,,2.932832562,0.0495331,,,7.904344781,0.0557496
3411.601,4.95278,,,,2.931175129,0.0495278,,,7.916409054,0.0549062
3413.53,4.95137,,,,2.929518709,0.0495137,,,7.928516495,0.0538781
3415.458,4.95579,,,,2.927865018,0.0495579,,,7.940654723,0.0526735
3417.387,4.96998,,,,2.926212337,0.0496998,,,7.952836498,0.0513684
3419.316,4.97488,,,,2.92456152,0.0497488,,,7.965049363,0.0501432
3421.244,4.98869,,,,2.92291342,0.0498869,,,7.977306159,0.0490795
3423.173,5.01019,,,,2.921266322,0.0501019,,,7.989594352,0.0481234
3425.101,5.02777,,,,2.919621932,0.0502777,,,8.001926864,0.0471566
3427.03,5.05157,,,,2.917978541,0.0505157,,,8.014291084,0.0462693
3428.958,5.07021,,,,2.91633785,0.0507021,,,8.026700015,0.045545
3430.887,5.07857,,,,2.914698152,0.0507857,,,8.039147432,0.0450028
3432.815,5.0878,,,,2.913061147,0.050878,,,8.051627033,0.0446644
3434.744,5.10264,,,,2.911425131,0.0510264,,,8.064151942,0.0446204
3436.673,5.11508,,,,2.909790952,0.0511508,,,8.076709355,0.0447808
3438.601,5.12699,,,,2.908159452,0.0512699,,,8.089312481,0.0452027
3440.53,5.13641,,,,2.906528936,0.0513641,,,8.101948438,0.0458787
3442.458,5.14174,,,,2.904901091,0.0514174,,,8.114630517,0.0467823
3444.387,5.14715,,,,2.903274226,0.0514715,,,8.127345755,0.0479478
3446.315,5.148,,,,2.901650023,0.05148,,,8.140107531,0.0492168
3448.244,5.14029,,,,2.900026796,0.0514029,,,8.1529028,0.0504894
3450.172,5.12714,,,,2.898406224,0.0512714,,,8.165745026,0.0518424
3452.101,5.11225,,,,2.896786624,0.0511225,,,8.178627773,0.0531738
3454.03,5.10745,,,,2.895168832,0.0510745,,,8.191544524,0.054505
3455.958,5.10173,,,,2.893553683,0.0510173,,,8.20450887,0.055816
3457.886,5.08455,,,,2.891940336,0.0508455,,,8.217507564,0.0570216
3459.815,5.07047,,,,2.890327951,0.0507047,,,8.230554287,0.058051
3461.744,5.06131,,,,2.888717363,0.0506131,,,8.243635707,0.0588344
3463.672,5.05096,,,,2.887109403,0.0505096,,,8.256765594,0.059424
3465.601,5.03983,,,,2.885502399,0.0503983,,,8.269930533,0.0599156
3467.529,5.03113,,,,2.883898015,0.0503113,,,8.283144381,0.0601661
3469.458,5.03087,,,,2.882294583,0.0503087,,,8.296393641,0.0600849
3471.386,5.02859,,,,2.880693763,0.0502859,,,8.309692259,0.0597964
3473.315,5.02216,,,,2.879093892,0.0502216,,,8.323033579,0.0592451
3475.243,5.02284,,,,2.877496624,0.0502284,,,8.336410858,0.0584991
3477.172,5.03315,,,,2.875900301,0.0503315,,,8.34983818,0.0576415
3479.101,5.04258,,,,2.874305747,0.0504258,,,8.363301832,0.0565055
3481.029,5.05133,,,,2.872713787,0.0505133,,,8.376815989,0.0552256
3482.958,5.06561,,,,2.871122764,0.0506561,,,8.390366852,0.0539563
3484.886,5.07881,,,,2.869534326,0.0507881,,,8.40396869,0.0526579
3486.815,5.09354,,,,2.867946823,0.0509354,,,8.417607615,0.0512861
3488.743,5.11473,,,,2.866361896,0.0511473,,,8.43129799,0.0500051
3490.672,5.12663,,,,2.864777899,0.0512663,,,8.445032969,0.0488703
3492.6,5.13342,,,,2.863196473,0.0513342,,,8.458805617,0.0479285
3494.529,5.15546,,,,2.861615972,0.0515546,,,8.472630438,0.047095
3496.458,5.17468,,,,2.860037215,0.0517468,,,8.486493322,0.046332
3498.386,5.17922,,,,2.858461016,0.0517922,,,8.50040887,0.0458852
3500.315,5.19043,,,,2.856885737,0.0519043,,,8.514362879,0.0456572
3502.243,5.19735,,,,2.855313009,0.0519735,,,8.528370049,0.0454016
3504.172,5.19576,,,,2.853741198,0.0519576,,,8.542416086,0.0451205
3506.1,5.19629,,,,2.852171929,0.0519629,,,8.556515787,0.0450244
3508.029,5.20044,,,,2.850603573,0.0520044,,,8.570662109,0.0454211
3509.957,5.1964,,,,2.849037752,0.051964,,,8.584847915,0.0464557
3511.886,5.18423,,,,2.847472839,0.0518423,,,8.599088153,0.0478123
3513.814,5.17127,,,,2.845910455,0.0517127,,,8.613368292,0.0492476
3515.743,5.16097,,,,2.844348975,0.0516097,,,8.627703383,0.0506678
3517.672,5.15249,,,,2.842789208,0.0515249,,,8.6420788,0.0520591
3519.6,5.13969,,,,2.841231958,0.0513969,,,8.656509695,0.0532915
3521.529,5.127,,,,2.839675607,0.05127,,,8.670981347,0.0543473
3523.457,5.11956,,,,2.838121765,0.0511956,,,8.68550901,0.0553894
3525.386,5.11333,,,,2.836568818,0.0511333,,,8.700077866,0.0564568
3527.314,5.11649,,,,2.835018374,0.0511649,,,8.714703273,0.0574588
3529.243,5.10912,,,,2.83346882,0.0510912,,,8.729377936,0.0582381
3531.171,5.09193,,,,2.831921762,0.0509193,,,8.744094457,0.0587352
3533.1,5.07376,,,,2.830375591,0.0507376,,,8.758868354,0.059003
3535.029,5.06484,,,,2.828831107,0.0506484,,,8.773684561,0.0590843
3536.957,5.06375,,,,2.827289108,0.0506375,,,8.788558703,0.0588987
3538.885,5.06369,,,,2.825748788,0.0506369,,,8.803475612,0.058516
3540.814,5.06836,,,,2.824209348,0.0506836,,,8.818451021,0.0579951
3542.743,5.08492,,,,2.822671585,0.0508492,,,8.833469663,0.057239
3544.671,5.10516,,,,2.821136292,0.0510516,,,8.848547378,0.0563854
3546.6,5.12036,,,,2.819601872,0.0512036,,,8.863668797,0.0554739
3548.528,5.12281,,,,2.818069915,0.0512281,,,8.878849869,0.0544004
3550.457,5.12714,,,,2.816538829,0.0512714,,,8.894075123,0.053306
3552.385,5.13467,,,,2.815010197,0.0513467,,,8.90936062,0.0522076
3554.314,5.13162,,,,2.813482433,0.0513162,,,8.924698747,0.0511306
3556.242,5.13271,,,,2.811957117,0.0513271,,,8.940081784,0.0500734
3558.171,5.14744,,,,2.810432663,0.0514744,,,8.955525963,0.0490378
3560.1,5.16122,,,,2.808909862,0.0516122,,,8.971015546,0.0482394
3562.028,5.16552,,,,2.807389498,0.0516552,,,8.98656688,0.0476851
3563.957,5.17643,,,,2.805869992,0.0517643,,,9.00216412,0.047317
3565.885,5.20024,,,,2.804352917,0.0520024,,,9.017823729,0.0472201
3567.814,5.20104,,,,2.802836695,0.0520104,,,9.033529752,0.0472245
3569.742,5.16468,,,,2.801322897,0.0516468,,,9.04929877,0.0473605
3571.671,5.1346,,,,2.799809949,0.051346,,,9.065122937,0.0477581
3573.599,5.12299,,,,2.798299417,0.0512299,,,9.080994296,0.048424
3575.528,5.11755,,,,2.796789733,0.0511755,,,9.096929604,0.0493047
3577.457,5.10585,,,,2.795281676,0.0510585,,,9.112912633,0.0503256
3579.385,5.09583,,,,2.793776026,0.0509583,,,9.128960257,0.0513717
3581.314,5.09133,,,,2.792271217,0.0509133,,,9.145056137,0.0523377
3583.242,5.07905,,,,2.790768807,0.0507905,,,9.161217269,0.0531564
3585.171,5.07252,,,,2.789267234,0.0507252,,,9.1774272,0.053898
3587.099,5.07275,,,,2.787768054,0.0507275,,,9.193703049,0.0546872
3589.028,5.03889,,,,2.786269709,0.0503889,,,9.210028247,0.055399
3590.956,4.98431,,,,2.784773748,0.0498431,,,9.226420038,0.0558421
3592.885,4.94339,,,,2.783278619,0.0494339,,,9.242870281,0.0560961
3594.813,4.90959,,,,2.781785868,0.0490959,,,9.259370715,0.0564942
3596.742,4.8596,,,,2.780293944,0.048596,,,9.275938771,0.0569839
3598.671,4.8031,,,,2.778803619,0.048031,,,9.292557591,0.0573758
3600.599,4.74814,,,,2.777315663,0.0474814,,,9.309244732,0.0576191
3602.528,4.7075,,,,2.775828529,0.047075,,,9.325983215,0.0576753
3604.456,4.70119,,,,2.774343757,0.0470119,,,9.342790729,0.0574855
3606.385,4.73205,,,,2.772859803,0.0473205,,,9.359650174,0.0571463
3608.313,4.78813,,,,2.771378204,0.0478813,,,9.376579368,0.0565927
3610.242,4.8321,,,,2.76989742,0.048321,,,9.393569914,0.0559296
3612.17,4.87432,,,,2.768418984,0.0487432,,,9.41061329,0.0553511
3614.099,4.91133,,,,2.766941359,0.0491133,,,9.427727512,0.0547265
3616.028,4.92861,,,,2.765465312,0.0492861,,,9.444895176,0.0540862
3617.956,4.96818,,,,2.763991602,0.0496818,,,9.46213443,0.0534665
3619.885,5.00274,,,,2.762518699,0.0500274,,,9.479427746,0.052786
3621.813,4.98855,,,,2.761048127,0.0498855,,,9.496793408,0.0520494
3623.742,4.98267,,,,2.759578359,0.0498267,,,9.51421376,0.0513862
3625.67,5.00774,,,,2.758110915,0.0500774,,,9.531707224,0.0511486
3627.599,5.06439,,,,2.756644271,0.0506439,,,9.549256017,0.051063
3629.527,5.08677,,,,2.755179945,0.0508677,,,9.566878701,0.0508755
3631.456,5.03102,,,,2.753716416,0.0503102,,,9.584566548,0.0508276
3633.385,5.00352,,,,2.75225444,0.0500352,,,9.6023107,0.0509664
3635.313,4.97963,,,,2.750794773,0.0497963,,,9.620129929,0.051212
3637.241,4.95085,,,,2.749336654,0.0495085,,,9.638006128,0.0515413
3639.17,4.92195,,,,2.747879324,0.0492195,,,9.655958209,0.0519735
3641.099,4.89753,,,,2.746423539,0.0489753,,,9.673967933,0.0524685
3643.027,4.89932,,,,2.744970048,0.0489932,,,9.692054357,0.0529984
3644.956,4.91145,,,,2.743517343,0.0491145,,,9.710199108,0.0534933
3646.884,4.94851,,,,2.742066926,0.0494851,,,9.728421389,0.0539335
3648.813,4.98725,,,,2.740617291,0.0498725,,,9.74670269,0.0543262
3650.741,4.96747,,,,2.739169938,0.0496747,,,9.765062365,0.0547748
3652.67,4.91067,,,,2.737723364,0.0491067,,,9.783491337,0.0551824
3654.598,4.90339,,,,2.736279065,0.0490339,,,9.801980392,0.0554068
3656.527,4.90924,,,,2.734835542,0.0490924,,,9.820549106,0.0555958
3658.456,4.88257,,,,2.733393541,0.0488257,,,9.839178625,0.0556725
3660.384,4.87395,,,,2.731953806,0.0487395,,,9.857888677,0.0556618
3662.313,4.87717,,,,2.730514841,0.0487717,,,9.876660267,0.055686
3664.241,4.88412,,,,2.729078137,0.0488412,,,9.895513275,0.0556616
3666.17,4.90645,,,,2.727642199,0.0490645,,,9.914428567,0.055488
3668.098,4.9594,,,,2.726208515,0.049594,,,9.933426178,0.0551955
3670.027,5.01444,,,,2.724775594,0.0501444,,,9.952486828,0.0548583
3671.955,5.00217,,,,2.723344921,0.0500217,,,9.971630711,0.0541667
3673.884,5.01775,,,,2.721915009,0.0501775,,,9.990848383,0.0530636
3675.813,5.06444,,,,2.720486597,0.0506444,,,10.01013125,0.0519227
3677.741,5.02247,,,,2.719060423,0.0502247,,,10.02949373,0.0515145
3679.67,5.00073,,,,2.717635005,0.0500073,,,10.04893126,0.0519436
3681.598,5.00155,,,,2.716211819,0.0500155,,,10.06844225,0.0525548
3683.527,5.00421,,,,2.714789385,0.0500421,,,10.08803119,0.0528742
3685.455,5.01626,,,,2.713369177,0.0501626,,,10.1076965,0.0529487
3687.384,5.0731,,,,2.711949718,0.050731,,,10.1274376,0.0530461
3689.312,5.11828,,,,2.710532479,0.0511828,,,10.14725699,0.053105
3691.241,5.08101,,,,2.709115986,0.0508101,,,10.16715411,0.0530318
3693.169,5.03325,,,,2.707701706,0.0503325,,,10.18712734,0.0528111
3695.098,5.01937,,,,2.706288169,0.0501937,,,10.20718128,0.0523996
3697.027,5.02534,,,,2.704876107,0.0502534,,,10.22731433,0.0518523
3698.955,5.02862,,,,2.703466249,0.0502862,,,10.24752591,0.0512343
3700.884,5.03081,,,,2.70205713,0.0503081,,,10.26781859,0.0507043
3702.812,5.02415,,,,2.700650209,0.0502415,,,10.28819074,0.0510952
3704.741,5.00831,,,,2.699244023,0.0500831,,,10.30864389,0.0525521
3706.669,5.0057,,,,2.697840028,0.050057,,,10.32917959,0.054093
3708.598,5.01972,,,,2.696436767,0.0501972,,,10.34979727,0.0551758
3710.526,5.05017,,,,2.69503569,0.0505017,,,10.37049635,0.0558995
3712.455,5.05718,,,,2.693635344,0.0505718,,,10.39127839,0.0565383
3714.384,5.01521,,,,2.692236452,0.0501521,,,10.41214498,0.0570957
3716.312,4.98003,,,,2.690839736,0.0498003,,,10.43309444,0.0573534
3718.24,4.96906,,,,2.689444468,0.0496906,,,10.45412948,0.0574674
3720.169,4.97075,,,,2.688049925,0.0497075,,,10.4752495,0.0576056
3722.098,4.96799,,,,2.686656826,0.0496799,,,10.49645283,0.0576219
3724.026,4.97185,,,,2.685265892,0.0497185,,,10.51774438,0.0574661
3725.955,4.99015,,,,2.683875678,0.0499015,,,10.53912249,0.0572029
3727.883,4.98878,,,,2.682487621,0.0498878,,,10.56058656,0.0567599
3729.812,4.99344,,,,2.681100281,0.0499344,,,10.58213936,0.0563243
3731.74,5.03574,,,,2.679715093,0.0503574,,,10.60378031,0.0558283
3733.669,5.06735,,,,2.678330618,0.0506735,,,10.6255077,0.0552522
3735.597,5.08589,,,,2.67694829,0.0508589,,,10.64732658,0.0547099
3737.526,5.06351,,,,2.675566672,0.0506351,,,10.66923525,0.0542313
3739.455,5.03965,,,,2.674186479,0.0503965,,,10.69123312,0.0538873
3741.383,5.06434,,,,2.672808424,0.0506434,,,10.71332305,0.0535581
3743.312,5.15423,,,,2.671431075,0.0515423,,,10.73550444,0.0532702
3745.24,5.19404,,,,2.670055858,0.0519404,,,10.75777556,0.0529877
3747.169,5.13703,,,,2.668681343,0.0513703,,,10.7801416,0.0528428
3749.097,5.16051,,,,2.667308955,0.0516051,,,10.80260083,0.0528301
3751.026,5.1925,,,,2.665937266,0.051925,,,10.82515268,0.0528589
3752.954,5.16145,,,,2.664567698,0.0516145,,,10.84780005,0.0530253
3754.883,5.09464,,,,2.663198827,0.0509464,,,10.8705412,0.0533201
3756.812,5.07307,,,,2.661831361,0.0507307,,,10.8933779,0.053734
3758.74,5.07544,,,,2.660466007,0.0507544,,,10.91631195,0.0541205
3760.669,5.06607,,,,2.659101346,0.0506607,,,10.93934277,0.0545653
3762.597,5.03604,,,,2.657738791,0.0503604,,,10.96246977,0.0548412
3764.526,5.0383,,,,2.656376925,0.050383,,,10.98569476,0.0550311
3766.454,5.04377,,,,2.655017159,0.0504377,,,11.00901958,0.0554575
3768.383,5.04884,,,,2.653658081,0.0504884,,,11.03244244,0.0561157
3770.311,5.04009,,,,2.652301097,0.0504009,,,11.05596641,0.0566929
3772.24,4.99424,,,,2.650944797,0.0499424,,,11.07959091,0.0568929
3774.168,4.96648,,,,2.649590585,0.0496648,,,11.10331412,0.0568407
3776.097,4.95989,,,,2.648237055,0.0495989,,,11.12714161,0.0568295
3778.026,4.97062,,,,2.646884908,0.0497062,,,11.1510716,0.0570681
3779.954,4.97215,,,,2.64553484,0.0497215,,,11.17510348,0.0572525
3781.883,4.94344,,,,2.644185449,0.0494344,,,11.19924042,0.0571808
3783.811,4.9415,,,,2.642838133,0.049415,,,11.22348186,0.0568709
3785.74,4.94176,,,,2.641491492,0.0494176,,,11.24782594,0.0563565
3787.668,4.93097,,,,2.640146919,0.0493097,,,11.27227839,0.0557622
3789.597,4.92036,,,,2.638803018,0.0492036,,,11.29683739,0.055181
3791.525,4.9136,,,,2.63746118,0.049136,,,11.32150236,0.0546469
3793.454,4.9196,,,,2.636120011,0.049196,,,11.34627656,0.0540674
3795.383,4.93836,,,,2.634780205,0.0493836,,,11.37115942,0.0533538
3797.311,4.95269,,,,2.633442454,0.0495269,,,11.39614906,0.0525715
3799.24,4.96635,,,,2.632105368,0.0496635,,,11.42125139,0.0518765
3801.168,5.00641,,,,2.630770332,0.0500641,,,11.44646454,0.0512091
3803.097,4.99851,,,,2.629435957,0.0499851,,,11.47178795,0.0507371
3805.025,4.98546,,,,2.628103626,0.0498546,,,11.49722497,0.0504835
3806.954,5.0066,,,,2.626771955,0.050066,,,11.52277373,0.0502838
3808.882,4.98384,,,,2.625442321,0.0498384,,,11.54843628,0.0502857
3810.811,4.95906,,,,2.624113345,0.0495906,,,11.57421473,0.0505702
3812.74,4.95764,,,,2.622785713,0.0495764,,,11.60010853,0.0509715
3814.668,5.00139,,,,2.621460111,0.0500139,,,11.6261171,0.0514698
3816.596,5.03273,,,,2.620135849,0.0503273,,,11.65224255,0.0521399
3818.525,5.00909,,,,2.618812238,0.0500909,,,11.67848705,0.052952
3820.454,5.04709,,,,2.617489963,0.0504709,,,11.70484866,0.0539102
3822.382,5.04257,,,,2.616169708,0.0504257,,,11.73133094,0.0550043
3824.311,4.98242,,,,2.6148501,0.0498242,,,11.75793331,0.0561193
3826.239,4.96801,,,,2.613532505,0.0496801,,,11.78465384,0.0571132
3828.168,4.95757,,,,2.612215556,0.0495757,,,11.81149887,0.05802
3830.096,4.9556,,,,2.610900615,0.049556,,,11.83846649,0.0585535
3832.025,4.96581,,,,2.609586315,0.0496581,,,11.86555613,0.0583504
3833.953,4.96793,,,,2.608274019,0.0496793,,,11.89277144,0.0583343
3835.882,4.97562,,,,2.606962362,0.0497562,,,11.92011047,0.0596175
3837.811,4.98979,,,,2.605652024,0.0498979,,,11.94757547,0.0609391
3839.739,4.96376,,,,2.604343681,0.0496376,,,11.97516877,0.0614372
3841.668,4.93084,,,,2.603035973,0.0493084,,,12.00288838,0.0612973
3843.596,4.91243,,,,2.601730255,0.0491243,,,12.03073805,0.0608985
3845.525,4.88743,,,,2.60042517,0.0488743,,,12.05871727,0.0603235
3847.453,4.87029,,,,2.599122069,0.0487029,,,12.08682547,0.0595237
3849.382,4.88803,,,,2.597819598,0.0488803,,,12.11506501,0.0584884
3851.31,4.95463,,,,2.596519106,0.0495463,,,12.14343829,0.0570696
3853.239,5.03955,,,,2.595219243,0.0503955,,,12.17194331,0.0556261
3855.167,4.9882,,,,2.593921353,0.049882,,,12.20058394,0.0542026
3857.096,4.88869,,,,2.592624088,0.0488869,,,12.22935968,0.0527563
3859.025,4.86262,,,,2.59132812,0.0486262,,,12.25826998,0.0512164
3860.953,4.88683,,,,2.590034119,0.0488683,,,12.28731729,0.049651
3862.882,4.91498,,,,2.588740738,0.0491498,,,12.3165041,0.0481337
3864.81,4.93389,,,,2.587449318,0.0493389,,,12.34582838,0.0467883
3866.739,4.92678,,,,2.586158518,0.0492678,,,12.37529416,0.0459896
3868.667,4.94683,,,,2.584869672,0.0494683,,,12.40489939,0.0455234
3870.596,4.95824,,,,2.583581443,0.0495824,,,12.43464815,0.0451444
3872.524,4.92849,,,,2.582295165,0.0492849,,,12.46453839,0.0451614
3874.453,4.92374,,,,2.5810095,0.0492374,,,12.49457423,0.0454303
3876.382,4.91611,,,,2.579725115,0.0491611,,,12.52475361,0.0458517
3878.31,4.93073,,,,2.578442672,0.0493073,,,12.55507913,0.0466675
3880.239,4.95315,,,,2.57716084,0.0495315,,,12.58555345,0.047911
3882.167,4.94093,,,,2.575880945,0.0494093,,,12.61617606,0.0491313
3884.096,4.94404,,,,2.574601658,0.0494404,,,12.64694645,0.0506765
3886.024,4.96285,,,,2.573324303,0.0496285,,,12.67786892,0.0523661
3887.953,4.93776,,,,2.572047553,0.0493776,,,12.70894135,0.0539778
3889.881,4.93154,,,,2.570772731,0.0493154,,,12.74016647,0.0555235
3891.81,4.93287,,,,2.569498511,0.0493287,,,12.77154704,0.0569398
3893.739,4.89668,,,,2.568225554,0.0489668,,,12.80308093,0.0583062
3895.667,4.87079,,,,2.566954516,0.0487079,,,12.83477258,0.0593546
3897.595,4.88455,,,,2.565684736,0.0488455,,,12.86662151,0.0602219
3899.524,4.90637,,,,2.564415554,0.0490637,,,12.89862724,0.060758
3901.453,4.91419,,,,2.563147627,0.0491419,,,12.93079259,0.0609342
3903.381,4.90639,,,,2.56188161,0.0490639,,,12.96312044,0.0609425
3905.31,4.87788,,,,2.560616187,0.0487788,,,12.99560865,0.0607542
3907.238,4.83024,,,,2.559352668,0.0483024,,,13.02826182,0.0602292
3909.167,4.80123,,,,2.558089741,0.0480123,,,13.06107949,0.0593192
3911.095,4.79938,,,,2.556828714,0.0479938,,,13.09406119,0.0579728
3913.024,4.7932,,,,2.555568277,0.047932,,,13.12720988,0.0562408
3914.952,4.79051,,,,2.554309734,0.0479051,,,13.16052857,0.0541393
3916.881,4.80873,,,,2.553051778,0.0480873,,,13.19401509,0.0518852
3918.81,4.81513,,,,2.55179506,0.0481513,,,13.2276742,0.0494638
3920.738,4.8084,,,,2.55054023,0.048084,,,13.26150372,0.047
3922.667,4.80909,,,,2.549285983,0.0480909,,,13.2955085,0.0446217
3924.595,4.82082,,,,2.548033619,0.0482082,,,13.32968633,0.0424388
3926.524,4.81687,,,,2.546781836,0.0481687,,,13.36404212,0.0404594
3928.452,4.8185,,,,2.54553193,0.048185,,,13.39857367,0.0387412
3930.381,4.84571,,,,2.544282603,0.0484571,,,13.43328413,0.037419
3932.309,4.88245,,,,2.543035148,0.0488245,,,13.46817672,0.0366895
3934.238,4.89605,,,,2.54178827,0.0489605,,,13.50325104,0.0363146
3936.167,4.90062,,,,2.540542614,0.0490062,,,13.53850669,0.0364524
3938.095,4.90564,,,,2.539298823,0.0490564,,,13.57394877,0.0364946
3940.024,4.90452,,,,2.538055606,0.0490452,,,13.60957504,0.0351698
3941.952,4.91439,,,,2.536814248,0.0491439,,,13.64538882,0.0319248
3943.881,4.92239,,,,2.535573462,0.0492239,,,13.68139346,0.0297581
3945.809,4.92969,,,,2.534334531,0.0492969,,,13.7175886,0.0302481
3947.738,4.95201,,,,2.533096168,0.0495201,,,13.75397387,0.0308666
3949.666,4.95282,,,,2.531859656,0.0495282,,,13.79055457,0.0312944
3951.595,4.9398,,,,2.53062371,0.049398,,,13.82732847,0.0316964
3953.523,4.9303,,,,2.52938961,0.049303,,,13.86429901,0.0319814
3955.452,4.9244,,,,2.528156074,0.049244,,,13.90146972,0.0327991
3957.38,4.92413,,,,2.526924379,0.0492413,,,13.93883833,0.0330974
3959.309,4.92484,,,,2.525693246,0.0492484,,,13.97641034,0.0328395
3961.238,4.91334,,,,2.524463312,0.0491334,,,14.01418544,0.0343064
3963.166,4.88357,,,,2.523235211,0.0488357,,,14.05216332,0.0381156
3965.095,4.85941,,,,2.522007669,0.0485941,,,14.09034759,0.0432474
3967.023,4.85404,,,,2.520781957,0.0485404,,,14.12874194,0.0489564
3968.952,4.85137,,,,2.5195568,0.0485137,,,14.1673441,0.0548001
3970.88,4.84042,,,,2.518333468,0.0484042,,,14.20615979,0.0603891
3972.809,4.82331,,,,2.517110689,0.0482331,,,14.24518673,0.0653293
3974.737,4.81571,,,,2.515889731,0.0481571,,,14.28443073,0.0690389
3976.666,4.81919,,,,2.514669323,0.0481919,,,14.3238895,0.0716339
3978.594,4.81164,,,,2.513450732,0.0481164,,,14.36356893,0.0730352
3980.523,4.80548,,,,2.512232689,0.0480548,,,14.40346674,0.0733073
3982.452,4.80661,,,,2.511015826,0.0480661,,,14.44358682,0.0728052
3984.38,4.79383,,,,2.509800772,0.0479383,,,14.48393312,0.0713129
3986.309,4.78642,,,,2.508586264,0.0478642,,,14.52450546,0.0688471
3988.237,4.80233,,,,2.507373559,0.0480233,,,14.56530361,0.0658495
3990.166,4.81882,,,,2.506161398,0.0481882,,,14.60633374,0.0625506
3992.094,4.83149,,,,2.504951036,0.0483149,,,14.64759355,0.0591232
3994.023,4.84416,,,,2.503741215,0.0484416,,,14.68908711,0.0556486
3995.951,4.85716,,,,2.502533189,0.0485716,,,14.7308186,0.0521832
3997.88,4.85871,,,,2.501325703,0.0485871,,,14.77278787,0.0489525
3999.809,4.85018,,,,2.500119381,0.0485018,,,14.81499479,0.0459386
